Date	Qsim	Qobs	Precipitation	Temperature	AET	PET	Snow	Snowcover	SM	Recharge	SUZ	SLZ	Q0	Q1	Q2	Qsim_rain	Qsim_snow
20151001	1.3648824283	1.116	0.0	7.9	2.04	2.27	0.0	0.00	100.3	0.0	1.9	9.1	0.000	0.370290609	0.9945918193	1.364	0.001
20151002	1.0816873301	0.592	0.0	5.9	1.48	1.68	0.0	0.00	98.8	0.0	0.0	9.9	0.000	0.000	1.0816873301	1.081	0.001
20151003	0.9748722336	0.452	0.0	6.2	1.65	1.91	0.0	0.00	97.1	0.0	0.0	8.9	0.000	0.000	0.9748722336	0.974	0.001
20151004	0.8786049770	0.376	0.0	6.4	1.62	1.90	0.0	0.00	95.5	0.0	0.0	8.0	0.000	0.000	0.878604977	0.878	0.001
20151005	0.7918439761	0.340	0.0	7.3	1.92	2.30	0.0	0.00	93.6	0.0	0.0	7.2	0.000	0.000	0.7918439761	0.791	0.000
20151006	0.7165052435	0.319	0.1	8.6	2.28	2.77	0.0	0.00	91.4	0.0	0.0	6.5	0.000	0.000	0.7165052435	0.716	0.000
20151007	0.6457513624	0.314	0.0	10.8	1.64	2.04	0.0	0.00	89.8	0.0	0.0	5.9	0.000	0.000	0.6457513624	0.645	0.000
20151008	0.5819843272	0.308	0.0	7.1	1.42	1.80	0.0	0.00	88.3	0.0	0.0	5.3	0.000	0.000	0.5819843272	0.582	0.000
20151009	1.1153995414	1.196	17.1	7.1	0.99	1.19	0.0	0.00	99.4	5.0	1.2	8.1	0.000	0.2307888997	0.8846106416	1.115	0.001
20151010	0.9229100314	0.728	0.3	4.9	1.81	2.07	0.0	0.00	97.8	0.1	0.0	8.4	0.000	0.000	0.9229100314	0.922	0.000
20151011	0.8317739690	0.533	0.0	9.3	1.85	2.16	0.0	0.00	95.9	0.0	0.0	7.6	0.000	0.000	0.831773969	0.831	0.000
20151012	0.7496374640	0.467	0.0	13.4	1.97	2.34	0.0	0.00	94.0	0.0	0.0	6.8	0.000	0.000	0.749637464	0.749	0.000
20151013	0.8261921215	0.469	5.0	13.2	1.32	1.58	0.0	0.00	96.1	1.5	0.0	7.5	0.000	0.000	0.8261921215	0.826	0.000
20151014	0.9014914076	0.666	4.9	6.0	1.50	1.74	0.0	0.00	97.9	1.6	0.0	8.2	0.000	0.000	0.9014914076	0.901	0.000
20151015	0.8124704040	0.539	0.0	6.4	1.86	2.16	0.0	0.00	96.1	0.0	0.0	7.4	0.000	0.000	0.812470404	0.812	0.000
20151016	0.8007530502	0.553	2.2	4.2	1.79	2.11	0.0	0.00	95.8	0.7	0.0	7.3	0.000	0.000	0.8007530502	0.800	0.000
20151017	0.9553253933	0.594	7.2	-0.6	1.98	2.30	0.0	0.00	98.7	2.4	0.0	8.7	0.000	0.000	0.9553253933	0.955	0.000
20151018	0.8609883596	0.564	0.8	-3.3	0.94	1.09	0.5	1.00	97.7	0.0	0.0	7.9	0.000	0.000	0.8609883596	0.861	0.000
20151019	0.7759669748	0.516	0.8	-2.3	0.00	2.01	1.0	1.00	97.7	0.0	0.0	7.1	0.000	0.000	0.7759669748	0.776	0.000
20151020	0.7455077881	0.569	0.4	7.1	0.00	1.33	0.0	0.00	98.7	0.5	0.0	6.8	0.000	0.000	0.7455077881	0.745	0.001
20151021	0.7017227924	0.528	0.9	9.6	1.17	1.34	0.0	0.00	98.1	0.3	0.0	6.4	0.000	0.000	0.7017227924	0.701	0.001
20151022	0.6650386506	0.495	1.0	10.5	0.97	1.12	0.0	0.00	97.8	0.3	0.0	6.1	0.000	0.000	0.6650386506	0.664	0.001
20151023	0.6090651927	0.459	0.3	1.8	0.79	0.92	0.0	0.00	97.2	0.1	0.0	5.6	0.000	0.000	0.6090651927	0.608	0.001
20151024	0.5489208649	0.416	0.0	1.6	1.68	1.97	0.0	0.00	95.5	0.0	0.0	5.0	0.000	0.000	0.5489208649	0.548	0.001
20151025	0.6130693002	0.519	3.8	6.4	1.31	1.54	0.0	0.00	96.8	1.2	0.0	5.6	0.000	0.000	0.6130693002	0.611	0.002
20151026	0.5776734475	0.476	0.8	1.8	1.23	1.44	0.0	0.00	96.2	0.3	0.0	5.3	0.000	0.000	0.5776734475	0.575	0.002
20151027	0.5206290102	0.432	0.0	2.4	0.89	1.05	0.0	0.00	95.3	0.0	0.0	4.8	0.000	0.000	0.5206290102	0.519	0.002
20151028	1.2920349703	0.944	18.0	3.1	0.86	0.97	0.0	0.00	106.0	6.5	2.3	7.6	0.000	0.4627208948	0.8293140756	1.283	0.009
20151029	2.1795846244	3.926	16.9	10.5	1.67	1.72	0.0	0.00	113.4	7.8	5.4	10.1	0.000	1.0720676978	1.1075169266	2.165	0.015
20151030	1.7761876608	1.432	1.5	1.2	1.04	1.04	0.0	0.00	113.1	0.7	2.1	12.4	0.000	0.4179400219	1.3582476389	1.764	0.012
20151031	1.4332785569	1.030	0.0	1.8	1.31	1.32	0.0	0.00	111.8	0.0	0.0	13.1	0.000	0.000	1.4332785569	1.424	0.010
20151101	1.3342213431	0.931	0.9	5.2	0.83	0.84	0.0	0.00	111.4	0.4	0.0	12.2	0.000	0.000	1.3342213431	1.325	0.009
20151102	1.2258539196	0.828	0.5	5.7	1.47	1.50	0.0	0.00	110.2	0.2	0.0	11.2	0.000	0.000	1.2258539196	1.218	0.008
20151103	1.1093374251	0.793	0.1	8.2	1.01	1.05	0.0	0.00	109.3	0.0	0.0	10.1	0.000	0.000	1.1093374251	1.102	0.007
20151104	0.9997919208	0.746	0.0	7.5	1.20	1.26	0.0	0.00	108.1	0.0	0.0	9.1	0.000	0.000	0.9997919208	0.993	0.007
20151105	0.9010638803	0.736	0.0	11.9	1.43	1.51	0.0	0.00	106.6	0.0	0.0	8.2	0.000	0.000	0.9010638803	0.895	0.006
20151106	0.8162137495	0.721	0.1	14.4	1.49	1.60	0.0	0.00	105.2	0.0	0.0	7.4	0.000	0.000	0.8162137495	0.811	0.005
20151107	0.7995695174	0.692	1.6	6.7	1.42	1.53	0.0	0.00	104.7	0.6	0.0	7.3	0.000	0.000	0.7995695174	0.794	0.005
20151108	0.7441531095	0.691	0.6	1.1	1.53	1.66	0.0	0.00	103.6	0.2	0.0	6.8	0.000	0.000	0.7441531095	0.739	0.005
20151109	0.6706690406	0.660	0.0	3.9	0.87	0.95	0.0	0.00	102.7	0.0	0.0	6.1	0.000	0.000	0.6706690406	0.666	0.005
20151110	0.6044414199	0.636	0.0	5.1	1.22	1.35	0.0	0.00	101.5	0.0	0.0	5.5	0.000	0.000	0.6044414199	0.600	0.004
20151111	0.5626939343	0.642	0.5	6.2	0.84	0.94	0.0	0.00	101.0	0.2	0.0	5.1	0.000	0.000	0.5626939343	0.559	0.004
20151112	0.8909449686	0.860	9.8	5.4	1.19	1.30	0.0	0.00	105.8	3.8	0.1	7.9	0.000	0.0237198208	0.8672251478	0.885	0.006
20151113	1.4234798415	1.728	11.8	3.6	1.43	1.49	0.0	0.00	110.9	5.2	1.4	10.4	0.000	0.2817955075	1.1416843339	1.415	0.009
20151114	1.1699677440	1.754	4.9	-1.4	1.52	1.56	3.1	1.00	109.4	0.0	0.0	10.7	0.000	0.000	1.169967744	1.163	0.007
20151115	1.1342938391	1.139	0.2	0.3	0.00	1.24	1.5	1.00	110.4	0.8	0.0	10.4	0.000	0.000	1.1342938391	1.126	0.008
20151116	1.1395457296	1.105	1.0	0.3	0.00	0.98	0.0	0.00	111.7	1.2	0.0	10.4	0.000	0.000	1.1395457296	1.128	0.011
20151117	1.0270171978	0.978	0.0	-0.8	0.79	0.81	0.0	0.00	110.9	0.0	0.0	9.4	0.000	0.000	1.0270171978	1.017	0.010
20151118	0.9256006997	0.876	0.0	0.7	1.19	1.22	0.0	0.00	109.8	0.0	0.0	8.4	0.000	0.000	0.9256006997	0.917	0.009
20151119	1.1222430064	0.909	6.2	5.3	1.05	1.07	0.0	0.00	112.0	2.9	0.0	10.2	0.000	0.000	1.1222430064	1.105	0.017
20151120	1.4070599352	2.448	7.7	2.6	0.69	0.69	0.0	0.00	115.1	3.9	0.2	12.5	0.000	0.0355403961	1.3715195391	1.380	0.027
20151121	1.2538699313	1.382	0.0	-0.1	1.25	1.25	0.0	0.00	113.9	0.0	0.0	11.4	0.000	0.000	1.2538699313	1.230	0.024
20151122	1.1400045178	1.177	0.2	2.4	1.07	1.08	0.0	0.00	112.9	0.1	0.0	10.4	0.000	0.000	1.1400045178	1.118	0.022
20151123	1.0274306813	1.032	1.6	-5.1	0.93	0.94	1.0	1.00	112.0	0.0	0.0	9.4	0.000	0.000	1.0274306813	1.008	0.020
20151124	0.9259733523	0.903	0.0	-7.0	0.00	0.38	1.0	1.00	112.0	0.0	0.0	8.5	0.000	0.000	0.9259733523	0.908	0.018
20151125	0.8345347912	0.904	0.0	-3.3	0.00	0.52	1.0	1.00	112.0	0.0	0.0	7.6	0.000	0.000	0.8345347912	0.819	0.016
20151126	0.8006891550	0.903	0.0	1.1	0.00	0.48	0.0	0.00	112.5	0.5	0.0	7.3	0.000	0.000	0.800689155	0.784	0.016
20151127	0.7648946680	0.918	0.9	5.7	1.18	1.19	0.0	0.00	111.8	0.4	0.0	7.0	0.000	0.000	0.764894668	0.749	0.016
20151128	0.7461469102	1.010	1.2	0.3	1.04	1.05	0.0	0.00	111.4	0.6	0.0	6.8	0.000	0.000	0.7461469102	0.729	0.017
20151129	0.6724659564	0.903	0.6	-5.4	0.29	0.29	0.4	1.00	111.1	0.0	0.0	6.1	0.000	0.000	0.6724659564	0.657	0.015
20151130	0.6060608927	0.793	0.1	-6.7	0.00	0.22	0.4	1.00	111.1	0.0	0.0	5.5	0.000	0.000	0.6060608927	0.592	0.014
20151201	0.5462132353	0.886	8.2	-4.3	0.00	0.65	5.7	1.00	111.1	0.0	0.0	5.0	0.000	0.000	0.5462132353	0.534	0.012
20151202	2.3507047360	3.150	19.8	1.5	0.00	0.72	1.9	1.00	122.0	12.7	7.6	7.8	0.000	1.4983328414	0.8523718946	2.228	0.123
20151203	2.9682267570	2.823	9.4	1.1	0.00	1.31	0.0	0.00	126.0	7.2	9.3	10.3	0.000	1.8399289385	1.1282978185	2.798	0.170
20151204	2.6811118869	1.756	3.3	-0.6	1.15	1.15	0.0	0.00	126.0	2.2	6.6	12.6	0.000	1.3041354398	1.3769764471	2.527	0.155
20151205	2.1777071401	1.641	0.8	0.4	0.85	0.85	0.0	0.00	125.4	0.5	2.9	14.6	0.000	0.5766087279	1.6010984122	2.054	0.124
20151206	1.7315531047	1.519	0.0	-0.1	0.95	0.95	0.0	0.00	124.4	0.0	0.0	15.8	0.000	0.000	1.7315531047	1.635	0.097
20151207	1.5605646806	1.415	0.0	-0.7	1.20	1.20	0.0	0.00	123.2	0.0	0.0	14.2	0.000	0.000	1.5605646806	1.473	0.087
20151208	1.4064611219	1.357	0.5	-2.1	0.41	0.41	0.3	1.00	122.8	0.0	0.0	12.8	0.000	0.000	1.4064611219	1.328	0.079
20151209	1.2872745135	1.346	0.0	0.4	0.00	0.68	0.0	0.00	122.9	0.2	0.0	11.7	0.000	0.000	1.2872745135	1.215	0.072
20151210	1.1601579729	1.485	0.0	4.2	0.74	0.74	0.0	0.00	122.2	0.0	0.0	10.6	0.000	0.000	1.1601579729	1.095	0.065
20151211	1.0455940113	1.555	0.0	5.2	0.65	0.65	0.0	0.00	121.5	0.0	0.0	9.5	0.000	0.000	1.0455940113	0.987	0.059
20151212	0.9602832167	1.411	0.3	3.6	0.33	0.33	0.0	0.00	121.3	0.2	0.0	8.8	0.000	0.000	0.9602832167	0.906	0.054
20151213	0.8833095296	1.283	0.3	1.4	0.88	0.88	0.0	0.00	120.6	0.2	0.0	8.1	0.000	0.000	0.8833095296	0.833	0.050
20151214	0.8840592448	1.250	1.5	3.7	0.64	0.64	0.0	0.00	120.5	0.9	0.0	8.1	0.000	0.000	0.8840592448	0.833	0.051
20151215	1.6147582901	2.227	10.4	3.7	0.54	0.54	0.0	0.00	124.0	6.4	2.3	10.6	0.000	0.4579022025	1.1568560876	1.518	0.096
20151216	1.2717730066	1.702	0.8	-1.5	0.95	0.95	0.5	1.00	123.0	0.0	0.0	11.6	0.000	0.000	1.2717730066	1.196	0.076
20151217	1.5180200630	1.604	5.3	2.1	0.00	0.60	0.0	0.00	125.1	3.7	0.1	13.7	0.000	0.0117364001	1.5062836629	1.426	0.092
20151218	1.4806866378	2.089	1.8	1.3	1.02	1.02	0.0	0.00	124.7	1.2	0.0	13.5	0.000	0.000	1.4806866378	1.391	0.090
20151219	1.3344709231	1.610	5.8	-4.2	0.82	0.82	3.7	1.00	123.9	0.0	0.0	12.2	0.000	0.000	1.3344709231	1.254	0.081
20151220	1.2026938037	1.473	0.5	-6.5	0.00	0.36	4.0	1.00	123.9	0.0	0.0	11.0	0.000	0.000	1.2026938037	1.130	0.073
20151221	1.0839294888	1.446	1.3	-3.4	0.00	0.58	4.9	1.00	123.9	0.0	0.0	9.9	0.000	0.000	1.0839294888	1.018	0.066
20151222	3.6696171956	4.738	20.6	2.7	0.00	0.24	0.0	0.00	131.5	17.8	11.8	12.2	0.000	2.3326277683	1.3369894272	3.384	0.285
20151223	3.9163327881	3.627	7.9	4.8	1.01	1.01	0.0	0.00	132.3	6.1	11.9	14.3	0.000	2.351272734	1.5650600541	3.612	0.304
20151224	4.3120085608	5.496	9.1	7.1	1.04	1.04	0.0	0.00	133.2	7.2	12.9	16.2	0.000	2.5413995322	1.7706090286	3.982	0.330
20151225	3.4774623070	3.355	0.0	3.7	1.27	1.27	0.0	0.00	132.0	0.0	7.7	17.9	0.000	1.5216019749	1.9558603321	3.213	0.265
20151226	2.7926879396	2.822	0.0	-0.1	1.48	1.48	0.0	0.00	130.5	0.0	3.4	19.4	0.000	0.6698696087	2.122818331	2.581	0.211
20151227	2.2484258508	4.305	11.7	-1.5	0.74	0.74	7.5	1.00	129.8	0.0	0.0	20.5	0.000	0.000	2.2484258508	2.079	0.169
20151228	2.0263969728	3.357	1.8	-8.5	0.00	0.69	8.6	1.00	129.8	0.0	0.0	18.5	0.000	0.000	2.0263969728	1.874	0.152
20151229	1.8262931330	3.062	26.9	-8.4	0.00	0.26	25.8	1.00	129.8	0.0	0.0	16.7	0.000	0.000	1.826293133	1.689	0.137
20151230	1.6459492648	2.735	3.3	-4.0	0.00	1.10	28.0	1.00	129.8	0.0	0.0	15.0	0.000	0.000	1.6459492648	1.522	0.124
20151231	1.4834140990	2.643	3.3	-1.4	0.00	0.60	30.1	1.00	129.8	0.0	0.0	13.5	0.000	0.000	1.483414099	1.372	0.112
20160101	1.3369290513	2.500	2.8	-3.1	0.00	0.77	31.9	1.00	129.8	0.0	0.0	12.2	0.000	0.000	1.3369290513	1.236	0.101
20160102	1.2049091952	2.339	0.8	-4.5	0.00	0.84	32.4	1.00	129.8	0.0	0.0	11.0	0.000	0.000	1.2049091952	1.114	0.091
20160103	1.0859261135	2.225	1.8	-5.0	0.00	0.53	33.5	1.00	129.8	0.0	0.0	9.9	0.000	0.000	1.0859261135	1.004	0.082
20160104	0.9786924432	2.115	1.0	-13.8	0.00	0.76	34.2	1.00	129.8	0.0	0.0	8.9	0.000	0.000	0.9786924432	0.905	0.074
20160105	0.8820479463	2.022	0.3	-17.5	0.00	1.25	34.3	1.00	129.8	0.0	0.0	8.1	0.000	0.000	0.8820479463	0.816	0.066
20160106	0.7949469571	1.919	0.0	-10.3	0.00	0.64	34.3	1.00	129.8	0.0	0.0	7.3	0.000	0.000	0.7949469571	0.735	0.060
20160107	0.7164470675	1.800	0.0	-5.6	0.00	0.70	34.3	1.00	129.8	0.0	0.0	6.5	0.000	0.000	0.7164470675	0.663	0.054
20160108	0.6456989312	1.753	0.0	-5.2	0.00	0.85	34.3	1.00	129.8	0.0	0.0	5.9	0.000	0.000	0.6456989312	0.597	0.049
20160109	0.5819370735	1.727	0.0	-0.6	0.00	0.59	34.3	1.00	129.8	0.0	0.0	5.3	0.000	0.000	0.5819370735	0.538	0.044
20160110	4.6658622350	6.849	31.5	2.0	0.00	0.37	32.2	1.00	136.8	26.6	19.2	8.1	0.000	3.7812941808	0.8845680542	4.265	0.401
20160111	3.7144735335	5.554	1.8	-5.9	0.00	1.44	33.4	1.00	136.8	0.0	13.0	10.6	0.000	2.5571588807	1.1573146528	3.396	0.319
20160112	2.9378920533	3.136	0.3	-7.2	0.00	0.35	33.6	1.00	136.8	0.0	7.8	12.8	0.000	1.5347641434	1.4031279099	2.686	0.252
20160113	2.3055300738	2.619	3.3	-13.2	0.00	1.53	35.7	1.00	136.8	0.0	3.5	14.8	0.000	0.6808626188	1.624667455	2.109	0.197
20160114	1.8049680663	2.367	0.5	-13.2	0.00	0.87	36.0	1.00	136.8	0.0	0.0	16.5	0.000	0.000	1.8049680663	1.651	0.154
20160115	1.6267300184	2.206	0.0	-9.7	0.00	0.73	36.0	1.00	136.8	0.0	0.0	14.8	0.000	0.000	1.6267300184	1.488	0.138
20160116	1.4660927260	2.124	4.6	-2.6	0.00	0.51	38.9	1.00	136.8	0.0	0.0	13.4	0.000	0.000	1.466092726	1.341	0.125
20160117	1.3213181395	2.016	0.3	-7.1	0.00	1.26	39.1	1.00	136.8	0.0	0.0	12.1	0.000	0.000	1.3213181395	1.209	0.112
20160118	1.1908398389	1.878	5.3	-11.7	0.00	0.40	42.5	1.00	136.8	0.0	0.0	10.9	0.000	0.000	1.1908398389	1.090	0.101
20160119	1.0732460863	1.765	2.0	-15.4	0.00	0.67	43.8	1.00	136.8	0.0	0.0	9.8	0.000	0.000	1.0732460863	0.982	0.091
20160120	0.9672645507	1.637	1.3	-12.0	0.00	0.91	44.6	1.00	136.8	0.0	0.0	8.8	0.000	0.000	0.9672645507	0.885	0.082
20160121	0.8717485421	1.556	0.8	-13.8	0.00	0.90	45.1	1.00	136.8	0.0	0.0	8.0	0.000	0.000	0.8717485421	0.798	0.074
20160122	0.7856646044	1.458	0.0	-11.8	0.00	1.01	45.1	1.00	136.8	0.0	0.0	7.2	0.000	0.000	0.7856646044	0.719	0.067
20160123	0.7080813341	1.383	0.0	-11.0	0.00	1.07	45.1	1.00	136.8	0.0	0.0	6.5	0.000	0.000	0.7080813341	0.648	0.060
20160124	0.6381593022	1.268	0.0	-10.1	0.00	0.98	45.1	1.00	136.8	0.0	0.0	5.8	0.000	0.000	0.6381593022	0.584	0.054
20160125	0.5751419722	1.172	0.0	-6.0	0.00	1.19	45.1	1.00	136.8	0.0	0.0	5.2	0.000	0.000	0.5751419722	0.526	0.049
20160126	0.5183475145	1.156	1.8	-1.8	0.00	0.78	46.3	1.00	136.8	0.0	0.0	4.7	0.000	0.000	0.5183475145	0.474	0.044
20160127	0.4671614294	1.149	0.8	-5.7	0.00	1.47	46.8	1.00	136.8	0.0	0.0	4.3	0.000	0.000	0.4671614294	0.427	0.040
20160128	0.4210298979	1.122	0.3	-6.9	0.00	1.33	47.0	1.00	136.8	0.0	0.0	3.8	0.000	0.000	0.4210298979	0.385	0.036
20160129	0.3794537899	1.065	0.0	-3.2	0.00	1.00	47.0	1.00	136.8	0.0	0.0	3.5	0.000	0.000	0.3794537899	0.347	0.032
20160130	0.3419832640	1.028	0.0	-4.9	0.00	1.16	47.0	1.00	136.8	0.0	0.0	3.1	0.000	0.000	0.341983264	0.313	0.029
20160131	0.3082128995	0.987	0.0	-0.2	0.00	0.95	47.0	1.00	136.8	0.0	0.0	2.8	0.000	0.000	0.3082128995	0.282	0.026
20160201	0.4360197827	1.314	0.0	2.1	0.00	0.76	45.1	1.00	137.1	1.6	0.0	4.0	0.000	0.000	0.4360197827	0.397	0.039
20160202	0.3929634448	1.256	0.0	-3.8	0.00	0.85	45.1	1.00	137.1	0.0	0.0	3.6	0.000	0.000	0.3929634448	0.357	0.036
20160203	0.3541588595	1.980	11.4	-1.8	0.00	0.43	52.4	1.00	137.1	0.0	0.0	3.2	0.000	0.000	0.3541588595	0.322	0.032
20160204	0.5799980302	2.251	0.5	1.2	0.00	0.93	49.8	1.00	137.5	2.6	0.0	5.3	0.000	0.000	0.5799980302	0.520	0.060
20160205	0.5227240437	1.600	0.3	-5.4	0.00	0.87	50.0	1.00	137.5	0.0	0.0	4.8	0.000	0.000	0.5227240437	0.469	0.054
20160206	0.4711057825	1.293	0.0	-5.5	0.00	0.98	50.0	1.00	137.5	0.0	0.0	4.3	0.000	0.000	0.4711057825	0.423	0.048
20160207	0.4245847517	1.158	0.0	-3.7	0.00	0.48	50.0	1.00	137.5	0.0	0.0	3.9	0.000	0.000	0.4245847517	0.381	0.044
20160208	0.3826576070	1.029	1.5	-7.1	0.00	0.79	51.0	1.00	137.5	0.0	0.0	3.5	0.000	0.000	0.382657607	0.343	0.039
20160209	0.3448707086	0.916	3.3	-6.8	0.00	0.50	53.1	1.00	137.5	0.0	0.0	3.1	0.000	0.000	0.3448707086	0.309	0.035
20160210	0.3108152131	0.894	1.0	-4.8	0.00	0.54	53.7	1.00	137.5	0.0	0.0	2.8	0.000	0.000	0.3108152131	0.279	0.032
20160211	0.2801226496	0.871	1.0	-14.5	0.00	0.30	54.4	1.00	137.5	0.0	0.0	2.6	0.000	0.000	0.2801226496	0.251	0.029
20160212	0.2524609335	0.845	0.0	-16.6	0.00	0.35	54.4	1.00	137.5	0.0	0.0	2.3	0.000	0.000	0.2524609335	0.226	0.026
20160213	0.2275307728	0.838	1.3	-21.1	0.00	0.49	55.2	1.00	137.5	0.0	0.0	2.1	0.000	0.000	0.2275307728	0.204	0.023
20160214	0.2050624303	0.830	0.0	-25.3	0.00	0.67	55.2	1.00	137.5	0.0	0.0	1.9	0.000	0.000	0.2050624303	0.184	0.021
20160215	0.1848128048	0.823	0.0	-17.7	0.00	0.30	55.2	1.00	137.5	0.0	0.0	1.7	0.000	0.000	0.1848128048	0.166	0.019
20160216	0.1665628013	3.469	29.7	-1.9	0.00	0.39	74.2	1.00	137.5	0.0	0.0	1.5	0.000	0.000	0.1665628013	0.149	0.017
20160217	0.1501149599	3.215	0.0	-4.7	0.00	1.21	74.2	1.00	137.5	0.0	0.0	1.4	0.000	0.000	0.1501149599	0.135	0.015
20160218	0.1352913195	1.557	0.0	-10.4	0.00	1.16	74.2	1.00	137.5	0.0	0.0	1.2	0.000	0.000	0.1352913195	0.121	0.014
20160219	0.1219314928	1.329	4.8	-8.5	0.00	1.58	77.3	1.00	137.5	0.0	0.0	1.1	0.000	0.000	0.1219314928	0.109	0.013
20160220	0.4361735533	1.221	11.2	-0.5	0.00	0.87	84.6	1.00	138.0	3.3	0.0	4.0	0.000	0.000	0.4361735533	0.387	0.049
20160221	0.3931020308	1.322	2.3	-2.5	0.00	1.11	86.1	1.00	138.0	0.0	0.0	3.6	0.000	0.000	0.3931020308	0.349	0.044
20160222	0.3542837603	1.223	0.3	-10.1	0.00	1.45	86.3	1.00	138.0	0.0	0.0	3.2	0.000	0.000	0.3542837603	0.314	0.040
20160223	0.3192987393	1.108	0.0	-9.6	0.00	1.00	86.3	1.00	138.0	0.0	0.0	2.9	0.000	0.000	0.3192987393	0.283	0.036
20160224	0.2877684396	2.554	32.5	-1.9	0.00	0.34	107.1	1.00	138.0	0.0	0.0	2.6	0.000	0.000	0.2877684396	0.255	0.032
20160225	4.2831412225	13.910	28.7	1.6	0.00	0.41	106.9	1.00	141.0	25.9	18.6	5.7	0.000	3.663693065	0.6194481575	3.791	0.493
20160226	3.3773136949	5.036	1.0	-9.5	0.00	1.30	107.6	1.00	141.0	0.0	12.5	8.4	0.000	2.4589387233	0.9183749716	2.989	0.388
20160227	2.6405140987	3.619	0.0	-8.6	0.00	1.37	107.6	1.00	141.0	0.0	7.4	10.8	0.000	1.4527309138	1.1877831849	2.337	0.304
20160228	2.5577476271	3.085	1.0	1.4	0.00	1.26	105.2	1.00	141.3	3.1	5.7	13.1	0.000	1.1271599096	1.4305877175	2.261	0.297
20160229	3.4650653919	3.157	4.8	1.7	0.00	1.26	100.4	1.00	141.9	9.0	9.2	15.1	0.000	1.8156497466	1.6494156454	3.032	0.433
20160301	2.7620921956	2.891	0.3	-7.6	0.00	0.66	100.6	1.00	141.9	0.0	4.6	16.9	0.000	0.9154575713	1.8466346243	2.419	0.343
20160302	2.1879978281	2.560	13.7	-7.6	0.00	0.59	109.4	1.00	141.9	0.0	0.8	18.5	0.000	0.1636193205	2.0243785076	1.918	0.270
20160303	1.9063564437	2.368	0.3	-14.5	0.00	0.69	109.6	1.00	141.9	0.0	0.0	17.4	0.000	0.000	1.9063564437	1.672	0.235
20160304	1.7181064366	2.204	0.0	-13.0	0.00	0.48	109.6	1.00	141.9	0.0	0.0	15.7	0.000	0.000	1.7181064366	1.507	0.212
20160305	1.5484458520	1.984	0.0	-10.4	0.00	0.90	109.6	1.00	141.9	0.0	0.0	14.1	0.000	0.000	1.548445852	1.358	0.191
20160306	1.3955390105	1.821	0.0	-5.6	0.00	0.94	109.6	1.00	141.9	0.0	0.0	12.7	0.000	0.000	1.3955390105	1.224	0.172
20160307	1.2577315037	1.791	2.8	-3.1	0.00	0.21	111.3	1.00	141.9	0.0	0.0	11.5	0.000	0.000	1.2577315037	1.103	0.155
20160308	1.2093454528	1.792	0.0	3.1	0.00	1.15	110.5	1.00	142.0	0.8	0.0	11.0	0.000	0.000	1.2093454528	1.059	0.150
20160309	3.8941121281	3.496	0.0	8.8	0.00	1.18	91.1	1.00	142.9	18.5	12.4	13.2	0.000	2.4440913862	1.4500207419	3.091	0.803
20160310	7.1483067381	9.592	15.5	4.1	0.00	0.54	81.2	1.00	143.8	24.5	27.8	15.2	0.000	5.481377052	1.6669296861	5.401	1.748
20160311	5.8394830161	8.586	1.5	-0.8	0.00	0.70	82.2	1.00	143.8	0.0	20.2	17.0	0.000	3.9770638378	1.8624191783	4.424	1.415
20160312	6.0611259367	6.622	0.0	3.3	0.00	1.08	74.1	1.00	143.9	7.9	20.4	18.6	0.000	4.0225215776	2.0386043591	4.526	1.535
20160313	6.0130023652	6.679	0.0	2.5	0.00	1.41	67.5	1.00	144.1	6.4	19.3	20.1	0.000	3.815610863	2.1973915021	4.425	1.588
20160314	4.9263187268	5.417	4.8	-1.4	0.00	0.45	70.6	1.00	144.1	0.0	13.1	21.4	0.000	2.5858200878	2.340498639	3.637	1.289
20160315	5.5051445695	5.389	1.3	3.3	0.00	0.27	62.8	1.00	144.2	9.0	15.4	22.5	0.000	3.0356704213	2.4694741482	3.937	1.568
20160316	8.0397541427	7.689	5.8	7.0	0.00	1.05	47.0	1.00	144.5	21.4	27.6	23.6	0.000	5.4540406348	2.5857135079	5.335	2.705
20160317	8.9882239450	8.940	1.3	5.7	0.00	0.99	33.9	1.00	144.7	14.2	31.9	24.6	0.000	6.29774955	2.690474395	5.723	3.265
20160318	7.4437863963	6.288	1.8	-2.7	0.00	0.98	35.1	1.00	144.7	0.0	23.6	25.4	0.000	4.6588961039	2.7848902924	4.763	2.681
20160319	6.1601125627	5.130	0.5	-6.2	0.00	1.17	35.4	1.00	144.7	0.0	16.7	26.2	0.000	3.2901298094	2.8699827533	3.963	2.198
20160320	5.0936120814	4.577	0.0	-4.3	0.00	1.31	35.4	1.00	144.7	0.0	10.9	26.9	0.000	2.1469396276	2.9466724538	3.296	1.798
20160321	4.2079392050	4.244	0.0	-1.1	0.00	1.21	35.4	1.00	144.7	0.0	6.0	27.5	0.000	1.1921500503	3.0157891547	2.740	1.468
20160322	3.4727928651	3.701	0.0	-2.4	0.00	1.13	35.4	1.00	144.7	0.0	2.0	28.1	0.000	0.3947121862	3.0780806789	2.277	1.195
20160323	3.1064029646	3.568	1.5	0.0	0.00	0.99	35.5	1.00	144.7	1.4	0.0	28.4	0.000	0.000	3.1064029646	2.031	1.075
20160324	2.7996500581	3.266	4.1	-3.1	0.00	0.38	38.1	1.00	144.7	0.0	0.0	25.6	0.000	0.000	2.7996500581	1.831	0.969
20160325	3.3240618898	3.635	5.8	-0.2	0.00	0.43	37.6	1.00	144.7	6.3	2.2	26.3	0.000	0.4407768769	2.8832850129	2.093	1.231
20160326	3.3582340990	3.523	0.0	1.2	0.00	1.24	33.7	1.00	144.7	3.8	2.0	27.0	0.000	0.399572965	2.9586611341	2.085	1.273
20160327	4.4580999021	3.342	0.0	4.4	0.00	0.50	23.3	1.00	144.8	10.3	7.3	27.6	0.000	1.4315059324	3.0265939697	2.618	1.840
20160328	6.6320512944	4.481	13.7	1.4	0.00	0.26	19.1	1.00	144.9	17.9	18.0	28.2	0.000	3.5442327607	3.0878185337	3.769	2.863
20160329	5.5021630348	4.507	4.1	-2.0	0.00	0.93	21.7	1.00	144.9	0.0	12.0	28.7	0.000	2.3591657763	3.1429972585	3.143	2.359
20160330	5.1995470562	3.464	0.0	1.4	0.00	1.91	17.8	1.00	144.9	3.9	10.2	29.1	0.000	2.0068198941	3.1927271621	2.959	2.241
20160331	6.9663413894	3.409	0.0	7.2	0.00	1.40	1.6	1.00	144.9	16.1	18.9	29.5	0.000	3.7287950814	3.2375463079	3.746	3.220
20160401	9.6471929431	7.248	21.8	7.6	0.00	0.60	0.0	0.00	145.0	23.4	32.3	29.9	0.000	6.3692533167	3.2779396264	5.215	4.432
20160402	8.4114389854	5.250	2.3	2.7	0.74	0.74	0.0	0.00	144.2	2.3	25.8	30.2	0.000	5.0970948237	3.3143441618	4.561	3.850
20160403	7.0032660835	4.035	1.3	-6.6	1.20	1.20	0.8	1.00	143.0	0.0	18.5	30.5	0.000	3.6561122829	3.3471538006	3.808	3.195
20160404	5.8293308070	3.379	0.0	-8.6	0.00	0.39	0.8	1.00	143.0	0.0	12.4	30.8	0.000	2.4526072731	3.376723534	3.179	2.650
20160405	4.8508162003	3.052	0.0	-7.8	0.00	0.79	0.8	1.00	143.0	0.0	7.3	31.1	0.000	1.4474429024	3.4033732979	2.654	2.197
20160406	4.0353235723	2.841	3.8	-3.6	0.00	0.60	3.3	1.00	143.0	0.0	3.1	31.3	0.000	0.607932137	3.4273914353	2.215	1.820
20160407	6.2659720847	4.811	15.0	2.8	0.00	0.22	0.0	0.00	143.6	17.7	14.3	31.5	0.000	2.8169342693	3.4490378155	3.524	2.742
20160408	5.2202745436	5.221	8.4	-1.8	0.75	0.75	5.4	1.00	142.9	0.0	8.9	31.7	0.000	1.7517278974	3.4685466462	2.932	2.288
20160409	4.3481992103	3.752	0.5	-3.8	0.00	1.57	5.7	1.00	142.9	0.0	4.4	31.8	0.000	0.8620702029	3.4861290075	2.439	1.909
20160410	3.6210054595	3.241	0.5	-4.4	0.00	1.86	6.0	1.00	142.9	0.0	0.6	32.0	0.000	0.1190303241	3.5019751354	2.028	1.593
20160411	4.3263085064	3.349	7.6	-0.1	0.00	1.22	5.3	1.00	143.2	8.0	4.1	32.1	0.000	0.8100520258	3.5162564805	2.461	1.865
20160412	6.6471607782	6.278	13.7	2.4	0.00	0.54	0.0	0.00	143.8	18.5	15.8	32.2	0.000	3.1180332152	3.529127563	3.903	2.744
20160413	5.5921586760	3.992	0.3	1.8	1.57	1.57	0.0	0.00	142.2	0.3	10.4	32.3	0.000	2.0514310318	3.5407276443	3.275	2.317
20160414	4.6635637441	3.437	0.0	3.2	1.95	1.95	0.0	0.00	140.3	0.0	5.6	32.4	0.000	1.1123815102	3.5511822339	2.722	1.941
20160415	3.8886941488	3.153	0.0	5.3	2.10	2.10	0.0	0.00	138.2	0.0	1.7	32.5	0.000	0.3280897013	3.5606044475	2.262	1.627
20160416	3.3731906052	2.927	0.0	7.0	2.40	2.40	0.0	0.00	135.8	0.0	0.0	30.8	0.000	0.000	3.3731906052	1.959	1.415
20160417	3.0400927959	2.740	0.0	10.8	2.57	2.57	0.0	0.00	133.2	0.0	0.0	27.7	0.000	0.000	3.0400927959	1.765	1.275
20160418	3.0207706134	2.715	3.6	10.4	2.28	2.28	0.0	0.00	131.7	2.8	0.0	27.6	0.000	0.000	3.0207706134	1.766	1.255
20160419	3.7888736778	4.629	10.2	6.7	1.35	1.35	0.0	0.00	132.6	7.9	3.6	28.1	0.000	0.7063034522	3.0825702256	2.285	1.504
20160420	3.1316367323	3.092	0.0	5.4	1.83	1.83	0.0	0.00	130.8	0.0	0.0	28.6	0.000	0.000	3.1316367323	1.875	1.256
20160421	2.8223920269	2.674	0.0	10.2	1.76	1.76	0.0	0.00	129.0	0.0	0.0	25.8	0.000	0.000	2.8223920269	1.690	1.132
20160422	2.6501538125	2.642	1.5	14.9	1.26	1.26	0.0	0.00	128.2	1.1	0.0	24.2	0.000	0.000	2.6501538125	1.593	1.057
20160423	2.4232235089	2.532	0.5	4.9	2.25	2.25	0.0	0.00	126.1	0.4	0.0	22.1	0.000	0.000	2.4232235089	1.459	0.965
20160424	2.1839336090	2.301	0.0	3.5	2.32	2.32	0.0	0.00	123.7	0.0	0.0	19.9	0.000	0.000	2.183933609	1.314	0.869
20160425	1.9682732488	2.157	0.0	3.5	1.46	1.46	0.0	0.00	122.3	0.0	0.0	18.0	0.000	0.000	1.9682732488	1.185	0.784
20160426	2.3814794106	2.213	8.1	0.2	0.33	0.33	0.0	0.00	124.9	5.1	1.3	19.5	0.000	0.2474739209	2.1340054897	1.479	0.902
20160427	2.0794403795	2.759	0.5	1.0	1.39	1.39	0.0	0.00	123.7	0.3	0.0	19.0	0.000	0.000	2.0794403795	1.288	0.792
20160428	1.8740985782	2.361	0.0	1.1	2.27	2.27	0.0	0.00	121.4	0.0	0.0	17.1	0.000	0.000	1.8740985782	1.161	0.713
20160429	1.6890339898	2.071	0.0	4.6	2.26	2.26	0.0	0.00	119.2	0.0	0.0	15.4	0.000	0.000	1.6890339898	1.046	0.643
20160430	1.5222442683	1.902	0.0	7.3	2.08	2.08	0.0	0.00	117.1	0.0	0.0	13.9	0.000	0.000	1.5222442683	0.943	0.579
20160501	1.7265652969	2.001	6.4	6.4	0.81	0.81	0.0	0.00	119.1	3.6	0.0	15.8	0.000	0.000	1.7265652969	1.096	0.630
20160502	2.8261588799	3.685	15.0	4.2	0.46	0.46	0.0	0.00	124.4	9.2	4.6	17.5	0.000	0.9099930231	1.9161658567	1.914	0.912
20160503	2.2781280944	2.943	0.3	5.1	1.36	1.36	0.0	0.00	123.2	0.2	1.0	19.0	0.000	0.1910844654	2.087043629	1.529	0.749
20160504	1.9765782647	2.463	0.0	5.2	1.64	1.64	0.0	0.00	121.5	0.0	0.0	18.0	0.000	0.000	1.9765782647	1.322	0.654
20160505	1.7813939520	2.270	0.0	8.3	0.94	0.94	0.0	0.00	120.6	0.0	0.0	16.3	0.000	0.000	1.781393952	1.192	0.590
20160506	1.6054838145	1.994	0.0	12.7	1.66	1.66	0.0	0.00	118.9	0.0	0.0	14.7	0.000	0.000	1.6054838145	1.074	0.531
20160507	1.4469445548	1.875	0.0	13.0	1.15	1.15	0.0	0.00	117.8	0.0	0.0	13.2	0.000	0.000	1.4469445548	0.968	0.479
20160508	3.0258789678	3.494	19.6	4.1	0.82	0.82	0.0	0.00	124.7	11.9	6.9	15.2	0.000	1.3617216997	1.6641572681	2.196	0.830
20160509	2.4499140793	2.563	0.5	2.3	1.58	1.58	0.0	0.00	123.3	0.3	3.0	17.0	0.000	0.5899935467	1.8599205326	1.766	0.684
20160510	1.9715152705	2.120	0.0	6.9	2.74	2.74	0.0	0.00	120.5	0.0	0.0	18.0	0.000	0.000	1.9715152705	1.410	0.562
20160511	1.7768309213	1.923	0.0	9.7	3.02	3.02	0.0	0.00	117.5	0.0	0.0	16.2	0.000	0.000	1.7768309213	1.270	0.506
20160512	1.6013713767	1.807	0.0	14.9	3.24	3.24	0.0	0.00	114.3	0.0	0.0	14.6	0.000	0.000	1.6013713767	1.145	0.456
20160513	2.2464895739	2.636	11.7	14.3	1.60	1.60	0.0	0.00	118.0	6.3	2.2	16.5	0.000	0.4431549145	1.8033346594	1.667	0.579
20160514	2.7068522171	2.615	9.9	13.1	1.83	1.83	0.0	0.00	120.3	5.8	3.7	18.1	0.000	0.7214978641	1.9853543531	2.055	0.652
20160515	3.3656930038	4.502	11.9	4.6	0.95	0.95	0.0	0.00	123.9	7.4	6.2	19.6	0.000	1.2162931448	2.149399859	2.618	0.748
20160516	3.1718906527	3.117	4.3	1.0	2.19	2.19	0.0	0.00	123.2	2.8	4.4	21.0	0.000	0.8746445498	2.2972461029	2.478	0.694
20160517	2.5600251261	2.596	0.0	6.2	3.44	3.44	0.0	0.00	119.8	0.0	0.7	22.2	0.000	0.1295323872	2.4304927389	1.988	0.572
20160518	2.2553088360	2.360	0.0	8.0	4.01	4.01	0.0	0.00	115.8	0.0	0.0	20.6	0.000	0.000	2.255308836	1.749	0.506
20160519	2.2502417315	2.355	4.1	11.3	2.39	2.39	0.0	0.00	115.3	2.2	0.0	20.5	0.000	0.000	2.2502417315	1.758	0.492
20160520	2.0434879854	2.305	0.3	12.5	3.39	3.39	0.0	0.00	112.0	0.2	0.0	18.7	0.000	0.000	2.0434879854	1.597	0.446
20160521	1.8416964322	2.031	0.0	14.4	2.81	2.86	0.0	0.00	109.2	0.0	0.0	16.8	0.000	0.000	1.8416964322	1.440	0.402
20160522	1.8778799614	1.966	4.8	15.5	1.36	1.40	0.0	0.00	110.5	2.2	0.0	17.1	0.000	0.000	1.8778799614	1.481	0.396
20160523	1.6924419668	1.738	0.0	12.0	3.22	3.32	0.0	0.00	107.2	0.0	0.0	15.4	0.000	0.000	1.6924419668	1.335	0.357
20160524	1.5588914231	1.604	0.8	16.3	1.64	1.74	0.0	0.00	106.1	0.3	0.0	14.2	0.000	0.000	1.5588914231	1.232	0.327
20160525	1.4171549791	1.513	0.3	17.8	2.08	2.24	0.0	0.00	104.2	0.1	0.0	12.9	0.000	0.000	1.4171549791	1.120	0.297
20160526	1.2772129260	1.334	0.0	17.9	2.49	2.73	0.0	0.00	101.7	0.0	0.0	11.7	0.000	0.000	1.277212926	1.010	0.267
20160527	1.2726401541	1.211	3.3	21.3	2.45	2.72	0.0	0.00	101.3	1.2	0.0	11.6	0.000	0.000	1.2726401541	1.013	0.259
20160528	1.1469687358	1.060	0.0	22.8	3.13	3.53	0.0	0.00	98.2	0.0	0.0	10.5	0.000	0.000	1.1469687358	0.913	0.234
20160529	1.0663596223	0.969	1.0	21.1	1.13	1.31	0.0	0.00	97.7	0.3	0.0	9.7	0.000	0.000	1.0663596223	0.851	0.215
20160530	1.0529230404	1.100	2.8	19.6	1.45	1.68	0.0	0.00	98.1	0.9	0.0	9.6	0.000	0.000	1.0529230404	0.845	0.207
20160531	0.9981858596	0.970	1.5	18.1	2.61	3.02	0.0	0.00	96.5	0.5	0.0	9.1	0.000	0.000	0.9981858596	0.804	0.194
20160601	0.8996164154	0.807	0.0	16.9	4.21	4.97	0.0	0.00	92.3	0.0	0.0	8.2	0.000	0.000	0.8996164154	0.725	0.175
20160602	0.8107805647	0.697	0.0	17.8	3.31	4.09	0.0	0.00	89.0	0.0	0.0	7.4	0.000	0.000	0.8107805647	0.653	0.158
20160603	0.7554496311	0.686	1.0	18.2	2.55	3.26	0.0	0.00	87.2	0.3	0.0	6.9	0.000	0.000	0.7554496311	0.610	0.146
20160604	0.6808500467	0.582	0.0	17.8	2.91	3.81	0.0	0.00	84.3	0.0	0.0	6.2	0.000	0.000	0.6808500467	0.550	0.131
20160605	4.0214917938	6.100	56.9	14.7	0.69	0.78	0.0	0.00	118.3	22.1	15.4	8.9	0.000	3.0477782829	0.9737135109	3.617	0.404
20160606	3.2747496289	3.323	1.0	15.8	2.92	2.92	0.0	0.00	115.9	0.6	10.3	11.3	0.000	2.0370925073	1.2376571216	2.940	0.335
20160607	2.6195319540	1.761	0.5	15.3	4.05	4.05	0.0	0.00	112.0	0.3	5.8	13.5	0.000	1.1439952806	1.4755366734	2.345	0.274
20160608	2.1478179610	1.497	1.3	9.7	5.47	5.54	0.0	0.00	107.3	0.6	2.3	15.4	0.000	0.4578920057	1.6899259553	1.919	0.229
20160609	1.8999648218	1.494	3.3	6.3	2.90	3.05	0.0	0.00	106.2	1.4	0.1	17.2	0.000	0.0168202234	1.8831445984	1.697	0.203
20160610	1.7178591485	1.334	0.3	9.3	4.36	4.67	0.0	0.00	102.0	0.1	0.0	15.7	0.000	0.000	1.7178591485	1.535	0.183
20160611	1.5773874314	1.261	0.8	9.1	3.41	3.80	0.0	0.00	99.1	0.3	0.0	14.4	0.000	0.000	1.5773874314	1.410	0.167
20160612	1.5173398316	1.317	2.8	9.7	4.27	4.86	0.0	0.00	96.7	1.0	0.0	13.8	0.000	0.000	1.5173398316	1.359	0.158
20160613	1.7242331177	2.320	10.4	10.4	4.11	4.68	0.0	0.00	99.4	3.6	0.0	15.7	0.000	0.000	1.7242331177	1.557	0.167
20160614	1.5539675319	1.758	0.0	12.6	5.51	6.32	0.0	0.00	93.9	0.0	0.0	14.2	0.000	0.000	1.5539675319	1.403	0.151
20160615	1.4091489770	1.105	0.3	15.9	4.91	5.96	0.0	0.00	89.2	0.1	0.0	12.9	0.000	0.000	1.409148977	1.273	0.136
20160616	1.2699975052	0.865	0.0	16.6	2.91	3.72	0.0	0.00	86.3	0.0	0.0	11.6	0.000	0.000	1.2699975052	1.147	0.123
20160617	1.1445870448	0.704	0.0	16.2	3.99	5.27	0.0	0.00	82.3	0.0	0.0	10.4	0.000	0.000	1.1445870448	1.034	0.111
20160618	1.0315606903	0.610	0.0	17.3	3.34	4.63	0.0	0.00	78.9	0.0	0.0	9.4	0.000	0.000	1.0315606903	0.932	0.100
20160619	0.9296955287	0.522	0.0	19.1	3.16	4.57	0.0	0.00	75.8	0.0	0.0	8.5	0.000	0.000	0.9296955287	0.840	0.090
20160620	0.8378894080	0.444	0.0	21.6	3.72	5.59	0.0	0.00	72.1	0.0	0.0	7.6	0.000	0.000	0.837889408	0.757	0.081
20160621	0.8063783049	0.435	3.6	15.9	3.21	4.97	0.0	0.00	71.9	0.5	0.0	7.4	0.000	0.000	0.8063783049	0.730	0.076
20160622	0.8876120287	0.963	10.2	12.2	2.38	3.56	0.0	0.00	78.1	1.6	0.0	8.1	0.000	0.000	0.8876120287	0.809	0.078
20160623	0.8085128670	0.691	0.5	14.6	2.90	4.22	0.0	0.00	75.6	0.1	0.0	7.4	0.000	0.000	0.808512867	0.738	0.071
20160624	0.7333552198	0.455	0.3	15.6	3.27	4.93	0.0	0.00	72.6	0.0	0.0	6.7	0.000	0.000	0.7333552198	0.669	0.064
20160625	0.6609374273	0.358	0.0	17.6	3.58	5.62	0.0	0.00	69.0	0.0	0.0	6.0	0.000	0.000	0.6609374273	0.603	0.058
20160626	0.5956707896	0.298	0.0	20.3	3.30	5.45	0.0	0.00	65.7	0.0	0.0	5.4	0.000	0.000	0.5956707896	0.544	0.052
20160627	0.5368491402	0.269	0.0	19.1	2.04	3.55	0.0	0.00	63.7	0.0	0.0	4.9	0.000	0.000	0.5368491402	0.490	0.047
20160628	2.3661155635	3.820	54.6	20.2	2.73	3.68	0.0	0.00	102.7	12.9	7.7	7.7	0.000	1.5221830728	0.8439324907	2.266	0.100
20160629	2.2196682662	2.979	6.6	17.6	2.58	2.80	0.0	0.00	104.1	2.6	5.6	10.2	0.000	1.0989764724	1.1206917938	2.128	0.092
20160630	1.7063302449	1.099	0.3	17.5	3.91	4.28	0.0	0.00	100.4	0.1	1.7	12.5	0.000	0.3362087383	1.3701215066	1.632	0.074
20160701	2.1851172517	1.314	14.0	17.4	3.56	3.87	0.0	0.00	105.3	5.5	3.0	14.6	0.000	0.5901968643	1.5949203874	2.102	0.083
20160702	1.7847744737	1.384	1.3	12.2	5.28	5.70	0.0	0.00	100.8	0.5	0.0	16.3	0.000	0.000	1.7847744737	1.715	0.070
20160703	1.6085305145	0.835	0.0	14.7	6.70	7.57	0.0	0.00	94.1	0.0	0.0	14.7	0.000	0.000	1.6085305145	1.546	0.063
20160704	1.4496903974	0.568	0.0	18.0	6.02	7.29	0.0	0.00	88.1	0.0	0.0	13.2	0.000	0.000	1.4496903974	1.393	0.057
20160705	1.3065355176	0.459	0.0	19.2	5.79	7.50	0.0	0.00	82.3	0.0	0.0	11.9	0.000	0.000	1.3065355176	1.256	0.051
20160706	1.1775169801	0.367	0.0	20.8	4.89	6.78	0.0	0.00	77.4	0.0	0.0	10.7	0.000	0.000	1.1775169801	1.132	0.046
20160707	1.1554686494	0.558	5.3	21.9	3.21	4.60	0.0	0.00	78.5	1.0	0.0	10.5	0.000	0.000	1.1554686494	1.112	0.044
20160708	1.0413677518	0.531	0.0	18.5	2.64	3.83	0.0	0.00	75.9	0.0	0.0	9.5	0.000	0.000	1.0413677518	1.002	0.039
20160709	1.3850904034	1.310	19.8	14.5	2.91	3.97	0.0	0.00	88.6	4.2	0.4	11.9	0.000	0.0864598017	1.2986306017	1.341	0.044
20160710	1.3582414509	1.557	5.6	13.9	3.10	3.90	0.0	0.00	89.6	1.5	0.0	12.4	0.000	0.000	1.3582414509	1.317	0.041
20160711	1.2622862448	0.989	1.5	16.3	4.28	5.42	0.0	0.00	86.5	0.4	0.0	11.5	0.000	0.000	1.2622862448	1.224	0.038
20160712	1.1376372605	0.587	0.0	18.2	5.00	6.59	0.0	0.00	81.5	0.0	0.0	10.4	0.000	0.000	1.1376372605	1.104	0.034
20160713	1.0252971873	0.423	0.0	20.7	2.93	4.10	0.0	0.00	78.5	0.0	0.0	9.4	0.000	0.000	1.0252971873	0.995	0.031
20160714	1.2093815119	1.181	13.7	21.2	1.25	1.69	0.0	0.00	88.1	2.9	0.0	11.0	0.000	0.000	1.2093815119	1.178	0.032
20160715	1.1337034785	0.906	1.8	20.1	3.86	4.96	0.0	0.00	85.6	0.4	0.0	10.3	0.000	0.000	1.1337034785	1.104	0.029
20160716	1.0283978978	0.570	0.3	18.0	4.59	6.11	0.0	0.00	81.2	0.1	0.0	9.4	0.000	0.000	1.0283978978	1.002	0.026
20160717	0.9268450575	0.428	0.0	19.4	3.33	4.68	0.0	0.00	77.9	0.0	0.0	8.5	0.000	0.000	0.9268450575	0.903	0.024
20160718	0.9837798738	0.633	7.9	19.4	3.73	5.25	0.0	0.00	80.6	1.5	0.0	9.0	0.000	0.000	0.9837798738	0.960	0.023
20160719	0.8922311103	0.613	0.3	13.6	4.41	6.23	0.0	0.00	76.4	0.1	0.0	8.1	0.000	0.000	0.8922311103	0.871	0.021
20160720	0.8089403705	0.380	0.3	14.8	4.06	6.04	0.0	0.00	72.6	0.0	0.0	7.4	0.000	0.000	0.8089403705	0.790	0.019
20160721	0.7290586511	0.275	0.0	17.9	4.53	7.11	0.0	0.00	68.1	0.0	0.0	6.7	0.000	0.000	0.7290586511	0.712	0.017
20160722	1.0875077618	0.601	23.6	21.6	3.90	5.71	0.0	0.00	83.7	4.1	0.4	9.3	0.000	0.0703461781	1.0171615838	1.068	0.020
20160723	2.0149845350	4.040	26.9	18.9	4.46	5.45	0.0	0.00	98.4	7.8	3.7	11.7	0.000	0.7381697764	1.2768147586	1.990	0.025
20160724	1.5428229959	1.577	0.3	17.2	3.81	4.41	0.0	0.00	94.8	0.1	0.2	13.8	0.000	0.0319954469	1.510827549	1.522	0.021
20160725	1.3776474202	0.897	0.0	18.4	3.65	4.39	0.0	0.00	91.1	0.0	0.0	12.6	0.000	0.000	1.3776474202	1.359	0.019
20160726	1.2495375099	0.690	0.3	19.1	4.60	5.75	0.0	0.00	86.7	0.1	0.0	11.4	0.000	0.000	1.2495375099	1.233	0.017
20160727	1.1330450459	0.491	0.3	20.4	3.71	4.87	0.0	0.00	83.2	0.1	0.0	10.3	0.000	0.000	1.1330450459	1.118	0.015
20160728	1.0211584475	0.399	0.0	20.5	4.75	6.51	0.0	0.00	78.5	0.0	0.0	9.3	0.000	0.000	1.0211584475	1.008	0.014
20160729	0.9203204927	0.343	0.0	18.9	3.48	5.05	0.0	0.00	75.0	0.0	0.0	8.4	0.000	0.000	0.9203204927	0.908	0.012
20160730	0.8294401435	0.270	0.0	16.7	4.78	7.27	0.0	0.00	70.2	0.0	0.0	7.6	0.000	0.000	0.8294401435	0.818	0.011
20160731	0.7475341005	0.238	0.0	16.6	1.92	3.12	0.0	0.00	68.3	0.0	0.0	6.8	0.000	0.000	0.7475341005	0.738	0.010
20160801	1.4043124617	2.084	30.5	14.8	2.83	4.00	0.0	0.00	90.1	5.9	1.9	9.4	0.000	0.3704998531	1.0338126086	1.392	0.013
20160802	1.1171398370	0.970	0.0	17.0	3.50	4.43	0.0	0.00	86.6	0.0	0.0	10.2	0.000	0.000	1.117139837	1.107	0.011
20160803	1.0068238555	0.535	0.0	18.0	4.85	6.39	0.0	0.00	81.7	0.0	0.0	9.2	0.000	0.000	1.0068238555	0.997	0.010
20160804	0.9074014214	0.368	0.0	18.8	4.17	5.81	0.0	0.00	77.6	0.0	0.0	8.3	0.000	0.000	0.9074014214	0.899	0.009
20160805	0.8177968123	0.267	0.0	20.7	2.87	4.22	0.0	0.00	74.7	0.0	0.0	7.5	0.000	0.000	0.8177968123	0.810	0.008
20160806	0.7415590170	0.226	0.3	19.6	4.08	6.21	0.0	0.00	70.9	0.0	0.0	6.8	0.000	0.000	0.741559017	0.735	0.007
20160807	0.7016936126	0.195	2.5	16.7	3.40	5.39	0.0	0.00	69.6	0.3	0.0	6.4	0.000	0.000	0.7016936126	0.695	0.006
20160808	0.6324023591	0.163	0.0	16.7	3.97	6.51	0.0	0.00	65.7	0.0	0.0	5.8	0.000	0.000	0.6324023591	0.627	0.006
20160809	0.5699535191	0.125	0.0	16.7	3.70	6.43	0.0	0.00	62.0	0.0	0.0	5.2	0.000	0.000	0.5699535191	0.565	0.005
20160810	0.5136714139	0.139	0.0	18.5	2.22	4.09	0.0	0.00	59.7	0.0	0.0	4.7	0.000	0.000	0.5136714139	0.509	0.005
20160811	0.4629470871	0.121	0.0	22.1	2.77	5.28	0.0	0.00	57.0	0.0	0.0	4.2	0.000	0.000	0.4629470871	0.459	0.004
20160812	0.4697029383	0.190	6.6	23.1	1.73	3.28	0.0	0.00	61.3	0.5	0.0	4.3	0.000	0.000	0.4697029383	0.466	0.004
20160813	0.5513968167	0.456	11.9	19.7	1.95	3.34	0.0	0.00	70.0	1.3	0.0	5.0	0.000	0.000	0.5513968167	0.547	0.004
20160814	0.5159345643	0.533	1.5	21.1	2.71	4.38	0.0	0.00	68.6	0.2	0.0	4.7	0.000	0.000	0.5159345643	0.512	0.004
20160815	0.4649867546	0.246	0.0	18.6	2.69	4.47	0.0	0.00	65.9	0.0	0.0	4.2	0.000	0.000	0.4649867546	0.462	0.003
20160816	1.7216481662	1.591	43.4	16.9	2.95	4.06	0.0	0.00	96.9	9.4	4.8	7.1	0.000	0.9424817521	0.7791664141	1.716	0.006
20160817	2.2739335752	6.765	16.8	17.6	3.35	3.74	0.0	0.00	104.2	6.2	6.1	9.7	0.000	1.2116122993	1.0623212759	2.267	0.006
20160818	1.7929905079	1.217	1.0	18.6	2.26	2.46	0.0	0.00	102.5	0.4	2.4	12.0	0.000	0.475475513	1.3175149949	1.788	0.005
20160819	1.4253615473	0.748	0.0	18.0	4.86	5.41	0.0	0.00	97.7	0.0	0.0	13.0	0.000	0.000	1.4253615473	1.421	0.004
20160820	1.2846091071	0.514	0.0	18.1	4.86	5.67	0.0	0.00	92.8	0.0	0.0	11.7	0.000	0.000	1.2846091071	1.281	0.004
20160821	1.9338229659	0.680	18.3	19.1	4.31	4.97	0.0	0.00	100.6	6.2	2.1	13.9	0.000	0.4159707493	1.5178522167	1.929	0.005
20160822	2.1697157406	3.195	10.9	12.9	4.33	4.75	0.0	0.00	103.0	4.2	2.2	15.8	0.000	0.4416528422	1.7280628985	2.165	0.005
20160823	1.7784420418	0.995	0.0	14.5	5.04	5.58	0.0	0.00	97.9	0.0	0.0	16.2	0.000	0.000	1.7784420418	1.774	0.004
20160824	1.6028234014	0.659	0.0	18.3	4.25	4.95	0.0	0.00	93.7	0.0	0.0	14.6	0.000	0.000	1.6028234014	1.599	0.004
20160825	1.4445468537	0.537	0.0	19.2	3.24	3.94	0.0	0.00	90.4	0.0	0.0	13.2	0.000	0.000	1.4445468537	1.441	0.003
20160826	1.3018998916	0.459	0.0	19.9	3.36	4.24	0.0	0.00	87.1	0.0	0.0	11.9	0.000	0.000	1.3018998916	1.299	0.003
20160827	1.1733391156	0.361	0.0	18.8	3.89	5.09	0.0	0.00	83.2	0.0	0.0	10.7	0.000	0.000	1.1733391156	1.171	0.003
20160828	1.1448526875	0.363	4.1	19.6	4.03	5.42	0.0	0.00	82.4	0.9	0.0	10.4	0.000	0.000	1.1448526875	1.142	0.003
20160829	1.0377625220	0.363	0.3	16.5	2.94	4.06	0.0	0.00	79.7	0.1	0.0	9.5	0.000	0.000	1.037762522	1.035	0.002
20160830	0.9352849383	0.285	0.0	16.4	3.36	4.80	0.0	0.00	76.3	0.0	0.0	8.5	0.000	0.000	0.9352849383	0.933	0.002
20160831	1.3123944696	1.028	20.1	17.6	2.42	3.27	0.0	0.00	89.7	4.3	0.6	11.0	0.000	0.1093711534	1.2030233162	1.310	0.002
20160901	1.1642520850	0.813	1.0	15.9	4.64	5.87	0.0	0.00	85.8	0.3	0.0	10.6	0.000	0.000	1.164252085	1.162	0.002
20160902	1.0492838355	0.455	0.0	14.6	4.22	5.60	0.0	0.00	81.6	0.0	0.0	9.6	0.000	0.000	1.0492838355	1.047	0.002
20160903	0.9456685384	0.329	0.0	14.1	2.09	2.92	0.0	0.00	79.5	0.0	0.0	8.6	0.000	0.000	0.9456685384	0.944	0.002
20160904	0.8522851055	0.261	0.0	15.6	3.40	4.88	0.0	0.00	76.1	0.0	0.0	7.8	0.000	0.000	0.8522851055	0.851	0.002
20160905	0.7681231547	0.213	0.0	17.1	2.07	3.10	0.0	0.00	74.0	0.0	0.0	7.0	0.000	0.000	0.7681231547	0.767	0.001
20160906	0.6922720778	0.176	0.0	18.3	1.47	2.26	0.0	0.00	72.5	0.0	0.0	6.3	0.000	0.000	0.6922720778	0.691	0.001
20160907	0.6239111876	0.147	0.0	19.8	2.21	3.47	0.0	0.00	70.3	0.0	0.0	5.7	0.000	0.000	0.6239111876	0.623	0.001
20160908	0.5815838999	0.172	1.5	19.9	1.89	3.03	0.0	0.00	69.8	0.2	0.0	5.3	0.000	0.000	0.5815838999	0.581	0.001
20160909	0.5340810561	0.166	0.8	19.6	2.81	4.57	0.0	0.00	67.6	0.1	0.0	4.9	0.000	0.000	0.5340810561	0.533	0.001
20160910	0.4813413059	0.120	0.0	18.6	2.12	3.57	0.0	0.00	65.5	0.0	0.0	4.4	0.000	0.000	0.4813413059	0.480	0.001
20160911	0.7105151005	0.820	19.1	13.5	2.71	4.19	0.0	0.00	79.1	2.8	0.0	6.5	0.000	0.000	0.7105151005	0.710	0.001
20160912	0.6456713970	0.290	0.3	12.3	3.30	4.74	0.0	0.00	76.1	0.1	0.0	5.9	0.000	0.000	0.645671397	0.645	0.001
20160913	0.5819122582	0.169	0.0	15.3	3.08	4.62	0.0	0.00	73.0	0.0	0.0	5.3	0.000	0.000	0.5819122582	0.581	0.001
20160914	0.6130499052	0.306	5.8	13.1	1.88	2.84	0.0	0.00	76.0	0.9	0.0	5.6	0.000	0.000	0.6130499052	0.612	0.001
20160915	0.5572598956	0.224	0.3	9.8	2.61	3.90	0.0	0.00	73.7	0.0	0.0	5.1	0.000	0.000	0.5572598956	0.557	0.001
20160916	0.5022312677	0.149	0.0	11.7	2.69	4.17	0.0	0.00	71.0	0.0	0.0	4.6	0.000	0.000	0.5022312677	0.502	0.001
20160917	0.4861185341	0.116	2.5	14.0	2.56	4.05	0.0	0.00	70.6	0.3	0.0	4.4	0.000	0.000	0.4861185341	0.486	0.001
20160918	0.5282529225	0.306	6.4	18.0	1.61	2.50	0.0	0.00	74.4	0.9	0.0	4.8	0.000	0.000	0.5282529225	0.528	0.001
20160919	0.4880253273	0.234	0.8	17.3	1.08	1.65	0.0	0.00	74.0	0.1	0.0	4.5	0.000	0.000	0.4880253273	0.487	0.001
20160920	0.4398335153	0.183	0.0	18.6	2.64	4.07	0.0	0.00	71.4	0.0	0.0	4.0	0.000	0.000	0.4398335153	0.439	0.000
20160921	0.3964005767	0.113	0.0	15.9	3.11	4.97	0.0	0.00	68.3	0.0	0.0	3.6	0.000	0.000	0.3964005767	0.396	0.000
20160922	0.3572565795	0.089	0.0	17.0	2.48	4.13	0.0	0.00	65.8	0.0	0.0	3.3	0.000	0.000	0.3572565795	0.357	0.000
20160923	0.5767832776	0.736	17.8	11.7	2.33	3.62	0.0	0.00	78.7	2.6	0.0	5.3	0.000	0.000	0.5767832776	0.576	0.000
20160924	0.5462860184	0.335	1.5	8.1	2.86	4.12	0.0	0.00	77.1	0.3	0.0	5.0	0.000	0.000	0.5462860184	0.546	0.000
20160925	0.4923410455	0.225	0.0	6.2	3.09	4.57	0.0	0.00	74.0	0.0	0.0	4.5	0.000	0.000	0.4923410455	0.492	0.000
20160926	0.4437230624	0.197	0.0	8.1	2.55	3.92	0.0	0.00	71.4	0.0	0.0	4.0	0.000	0.000	0.4437230624	0.443	0.000
20160927	0.4573042492	0.240	4.1	12.3	2.43	3.79	0.0	0.00	72.5	0.6	0.0	4.2	0.000	0.000	0.4573042492	0.457	0.000
20160928	0.4190715667	0.176	0.5	12.6	2.84	4.44	0.0	0.00	70.1	0.1	0.0	3.8	0.000	0.000	0.4190715667	0.419	0.000
20160929	0.3776888412	0.149	0.0	10.7	2.60	4.22	0.0	0.00	67.5	0.0	0.0	3.4	0.000	0.000	0.3776888412	0.377	0.000
20160930	0.3403926014	0.122	0.0	8.7	1.09	1.84	0.0	0.00	66.4	0.0	0.0	3.1	0.000	0.000	0.3403926014	0.340	0.000
20161001	0.3067793127	0.138	0.0	8.7	1.32	2.27	0.0	0.00	65.1	0.0	0.0	2.8	0.000	0.000	0.3067793127	0.307	0.000
20161002	0.2764852887	0.170	0.0	9.8	0.96	1.68	0.0	0.00	64.1	0.0	0.0	2.5	0.000	0.000	0.2764852887	0.276	0.000
20161003	0.2941428170	0.207	4.3	11.7	1.10	1.91	0.0	0.00	66.9	0.5	0.0	2.7	0.000	0.000	0.294142817	0.294	0.000
20161004	0.2650966291	0.195	0.0	11.6	1.11	1.90	0.0	0.00	65.8	0.0	0.0	2.4	0.000	0.000	0.2650966291	0.265	0.000
20161005	0.2389187113	0.163	0.0	12.1	1.32	2.30	0.0	0.00	64.4	0.0	0.0	2.2	0.000	0.000	0.2389187113	0.239	0.000
20161006	0.2183003714	0.156	0.3	12.7	1.57	2.77	0.0	0.00	63.1	0.0	0.0	2.0	0.000	0.000	0.2183003714	0.218	0.000
20161007	0.1995510985	0.139	0.3	15.1	1.13	2.04	0.0	0.00	62.3	0.0	0.0	1.8	0.000	0.000	0.1995510985	0.199	0.000
20161008	0.1798457093	0.135	0.0	13.7	0.98	1.80	0.0	0.00	61.3	0.0	0.0	1.6	0.000	0.000	0.1798457093	0.180	0.000
20161009	0.1620861994	0.140	0.0	8.0	0.64	1.19	0.0	0.00	60.7	0.0	0.0	1.5	0.000	0.000	0.1620861994	0.162	0.000
20161010	0.1460804161	0.140	0.0	4.4	1.10	2.07	0.0	0.00	59.6	0.0	0.0	1.3	0.000	0.000	0.1460804161	0.146	0.000
20161011	0.1316551813	0.142	0.0	8.4	1.13	2.16	0.0	0.00	58.4	0.0	0.0	1.2	0.000	0.000	0.1316551813	0.132	0.000
20161012	0.1186544180	0.129	0.0	12.7	1.20	2.34	0.0	0.00	57.2	0.0	0.0	1.1	0.000	0.000	0.118654418	0.119	0.000
20161013	0.1177257230	0.125	1.5	9.8	0.80	1.58	0.0	0.00	57.8	0.1	0.0	1.1	0.000	0.000	0.117725723	0.118	0.000
20161014	0.1061004741	0.136	0.0	4.7	0.88	1.74	0.0	0.00	56.9	0.0	0.0	1.0	0.000	0.000	0.1061004741	0.106	0.000
20161015	0.0956232021	0.132	0.0	5.8	1.08	2.16	0.0	0.00	55.9	0.0	0.0	0.9	0.000	0.000	0.0956232021	0.096	0.000
20161016	0.1209078571	0.158	4.8	10.2	1.07	2.11	0.0	0.00	59.2	0.4	0.0	1.1	0.000	0.000	0.1209078571	0.121	0.000
20161017	0.1113101539	0.221	0.3	14.3	1.20	2.30	0.0	0.00	58.3	0.0	0.0	1.0	0.000	0.000	0.1113101539	0.111	0.000
20161018	0.1003184334	0.168	0.0	13.1	0.56	1.09	0.0	0.00	57.8	0.0	0.0	0.9	0.000	0.000	0.1003184334	0.100	0.000
20161019	0.0940459354	0.186	0.5	11.6	1.02	2.01	0.0	0.00	57.2	0.0	0.0	0.9	0.000	0.000	0.0940459354	0.094	0.000
20161020	0.1069663929	0.223	3.0	8.6	0.69	1.33	0.0	0.00	59.3	0.2	0.0	1.0	0.000	0.000	0.1069663929	0.107	0.000
20161021	1.2814457903	2.887	46.5	12.0	0.92	1.34	0.0	0.00	96.2	8.7	4.2	4.2	0.000	0.8249457326	0.4565000576	1.281	0.000
20161022	2.6397750914	4.492	27.2	5.7	1.03	1.12	0.0	0.00	111.6	10.8	9.5	7.0	0.000	1.8682573249	0.7715177665	2.639	0.000
20161023	2.1726012782	1.951	2.0	1.4	0.90	0.92	0.0	0.00	111.7	1.0	5.7	9.6	0.000	1.1171733568	1.0554279214	2.172	0.000
20161024	2.2243677270	1.316	7.1	1.0	1.96	1.97	0.0	0.00	113.3	3.5	4.6	12.0	0.000	0.9130653776	1.3113023494	2.224	0.000
20161025	1.7281052063	1.072	0.3	-0.1	1.53	1.54	0.0	0.00	112.0	0.1	0.9	14.1	0.000	0.1861956673	1.5419095389	1.728	0.000
20161026	1.4828288222	0.907	0.0	-0.9	1.41	1.44	0.0	0.00	110.5	0.0	0.0	13.5	0.000	0.000	1.4828288222	1.483	0.000
20161027	1.3364015697	0.804	11.2	-0.9	1.02	1.05	7.2	1.00	109.5	0.0	0.0	12.2	0.000	0.000	1.3364015697	1.336	0.000
20161028	2.2668496564	1.843	11.9	1.6	0.00	0.97	3.2	1.00	117.5	7.9	3.6	14.3	0.000	0.7023194097	1.5645302467	2.231	0.036
20161029	3.4158384210	3.742	13.7	3.1	0.00	1.72	0.0	0.00	124.3	10.1	8.3	16.2	0.000	1.6457068821	1.7701315389	3.311	0.105
20161030	2.8353793498	3.149	1.0	3.4	1.04	1.04	0.0	0.00	123.6	0.6	4.5	17.8	0.000	0.879949356	1.9554299939	2.752	0.084
20161031	2.4139954765	1.921	1.5	-0.5	1.32	1.32	0.0	0.00	122.8	1.0	1.5	19.4	0.000	0.2915649885	2.122430488	2.345	0.069
20161101	2.0587556871	1.482	0.0	1.0	0.84	0.84	0.0	0.00	122.0	0.0	0.0	18.8	0.000	0.000	2.0587556871	2.002	0.057
20161102	1.9159308436	1.382	1.0	8.7	1.50	1.50	0.0	0.00	120.9	0.6	0.0	17.5	0.000	0.000	1.9159308436	1.862	0.054
20161103	3.3355685430	3.653	17.5	6.8	1.05	1.05	0.0	0.00	126.1	11.2	6.3	19.0	0.000	1.2487367199	2.0868318231	3.217	0.119
20161104	2.9616451784	2.362	2.5	0.2	1.26	1.26	0.0	0.00	125.7	1.7	3.7	20.5	0.000	0.7207886063	2.2408565721	2.857	0.105
20161105	2.3807038831	1.837	0.5	-0.9	1.51	1.51	0.3	1.00	124.2	0.0	0.0	21.7	0.000	0.0010322884	2.3796715947	2.299	0.082
20161106	2.3128613830	1.745	2.3	1.1	0.00	1.60	0.0	0.00	125.1	1.7	0.0	21.1	0.000	0.000	2.312861383	2.231	0.082
20161107	2.0844695872	1.577	0.0	2.0	1.53	1.53	0.0	0.00	123.6	0.0	0.0	19.0	0.000	0.000	2.0844695872	2.011	0.073
20161108	1.8786311588	1.460	0.0	5.9	1.66	1.66	0.0	0.00	121.9	0.0	0.0	17.1	0.000	0.000	1.8786311588	1.812	0.066
20161109	1.7112148566	1.394	0.3	4.0	0.95	0.95	0.0	0.00	121.1	0.2	0.0	15.6	0.000	0.000	1.7112148566	1.651	0.060
20161110	1.5422348058	1.322	0.0	1.9	1.35	1.35	0.0	0.00	119.7	0.0	0.0	14.1	0.000	0.000	1.5422348058	1.488	0.054
20161111	1.8281090538	1.636	6.9	1.3	0.94	0.94	0.0	0.00	121.5	4.1	0.4	16.0	0.000	0.0780713125	1.7500377413	1.761	0.067
20161112	1.6162943759	1.396	0.0	-1.5	1.30	1.30	0.0	0.00	120.2	0.0	0.0	14.8	0.000	0.000	1.6162943759	1.557	0.060
20161113	1.4566875885	1.276	0.0	3.8	1.49	1.49	0.0	0.00	118.7	0.0	0.0	13.3	0.000	0.000	1.4566875885	1.403	0.054
20161114	1.3128417460	1.194	0.0	5.9	1.56	1.56	0.0	0.00	117.2	0.0	0.0	12.0	0.000	0.000	1.312841746	1.264	0.048
20161115	1.4759281800	1.280	5.3	6.7	1.24	1.24	0.0	0.00	118.3	3.0	0.0	13.5	0.000	0.000	1.47592818	1.421	0.055
20161116	1.7666205883	2.137	7.1	7.0	0.98	0.98	0.0	0.00	120.3	4.1	0.4	15.4	0.000	0.076341787	1.6902788012	1.700	0.066
20161117	1.5790011195	1.639	0.3	4.5	0.81	0.81	0.0	0.00	119.6	0.2	0.0	14.4	0.000	0.000	1.5790011195	1.520	0.059
20161118	1.4230769885	1.379	0.0	5.8	1.22	1.22	0.0	0.00	118.4	0.0	0.0	13.0	0.000	0.000	1.4230769885	1.370	0.053
20161119	1.2825501453	1.267	0.0	7.1	1.07	1.07	0.0	0.00	117.3	0.0	0.0	11.7	0.000	0.000	1.2825501453	1.234	0.048
20161120	2.1644236870	1.552	13.0	0.6	0.69	0.69	0.0	0.00	122.0	7.6	3.3	13.8	0.000	0.6484271126	1.5159965744	2.087	0.078
20161121	1.6907960979	1.462	4.8	-4.3	1.25	1.25	3.1	1.00	120.8	0.0	0.0	15.4	0.000	0.000	1.6907960979	1.630	0.061
20161122	1.5238323707	1.288	1.0	-4.6	0.00	1.08	3.7	1.00	120.8	0.0	0.0	13.9	0.000	0.000	1.5238323707	1.469	0.055
20161123	1.3733560757	1.220	0.0	-4.0	0.00	0.94	3.7	1.00	120.8	0.0	0.0	12.5	0.000	0.000	1.3733560757	1.324	0.050
20161124	1.2377391024	1.206	4.3	-3.0	0.00	0.38	6.5	1.00	120.8	0.0	0.0	11.3	0.000	0.000	1.2377391024	1.193	0.045
20161125	1.1155141137	1.205	2.5	-0.8	0.00	0.52	8.1	1.00	120.8	0.0	0.0	10.2	0.000	0.000	1.1155141137	1.075	0.040
20161126	1.1977686352	1.284	0.8	0.9	0.00	0.48	5.6	1.00	122.1	1.9	0.0	10.9	0.000	0.000	1.1977686352	1.151	0.047
20161127	1.0794906738	1.335	0.3	-2.1	0.00	1.19	5.8	1.00	122.1	0.0	0.0	9.9	0.000	0.000	1.0794906738	1.037	0.042
20161128	0.9728924940	1.177	0.3	-4.0	0.00	1.05	6.0	1.00	122.1	0.0	0.0	8.9	0.000	0.000	0.972892494	0.935	0.038
20161129	0.8768207339	3.182	19.3	-3.0	0.00	0.29	18.4	1.00	122.1	0.0	0.0	8.0	0.000	0.000	0.8768207339	0.843	0.034
20161130	1.3042928115	4.084	4.1	1.8	0.00	0.22	15.2	1.00	124.8	4.6	0.8	10.5	0.000	0.1539604421	1.1503323695	1.232	0.072
20161201	3.6724227302	7.248	15.5	3.3	0.00	0.65	7.1	1.00	131.7	16.7	11.5	12.7	0.000	2.2755876129	1.3968351173	3.306	0.367
20161202	4.0599687503	4.211	6.1	0.7	0.00	0.72	4.3	1.00	133.7	6.9	12.4	14.8	0.000	2.4409726835	1.6189960667	3.627	0.433
20161203	3.2569446585	3.390	7.1	-2.2	0.00	1.31	8.8	1.00	133.7	0.0	7.3	16.6	0.000	1.4377257224	1.8192189361	2.916	0.341
20161204	2.5994864525	2.945	0.0	-5.7	0.00	1.15	8.8	1.00	133.7	0.0	3.0	18.3	0.000	0.5998163726	1.9996700799	2.334	0.266
20161205	2.1023805305	2.708	7.1	-6.1	0.00	0.85	13.3	1.00	133.7	0.0	0.0	19.2	0.000	0.000	2.1023805305	1.893	0.210
20161206	1.8947734217	2.507	1.8	-3.1	0.00	0.95	14.5	1.00	133.7	0.0	0.0	17.3	0.000	0.000	1.8947734217	1.706	0.189
20161207	1.7076672217	2.439	2.8	-2.8	0.00	1.20	16.3	1.00	133.7	0.0	0.0	15.6	0.000	0.000	1.7076672217	1.537	0.170
20161208	1.5390374948	2.369	0.8	-2.1	0.00	0.41	16.8	1.00	133.7	0.0	0.0	14.0	0.000	0.000	1.5390374948	1.386	0.153
20161209	1.3870597153	2.236	5.3	-8.1	0.00	0.68	20.2	1.00	133.7	0.0	0.0	12.7	0.000	0.000	1.3870597153	1.249	0.138
20161210	1.2500895270	2.098	0.3	-12.6	0.00	0.74	20.4	1.00	133.7	0.0	0.0	11.4	0.000	0.000	1.250089527	1.125	0.125
20161211	1.1266449513	2.008	0.5	-11.5	0.00	0.65	20.7	1.00	133.7	0.0	0.0	10.3	0.000	0.000	1.1266449513	1.014	0.112
20161212	1.0153903532	1.916	16.3	-5.5	0.00	0.33	31.1	1.00	133.7	0.0	0.0	9.3	0.000	0.000	1.0153903532	0.914	0.101
20161213	0.9151219895	1.814	0.8	-3.4	0.00	0.88	31.6	1.00	133.7	0.0	0.0	8.4	0.000	0.000	0.9151219895	0.824	0.091
20161214	0.8247549852	1.784	1.8	-8.4	0.00	0.64	32.8	1.00	133.7	0.0	0.0	7.5	0.000	0.000	0.8247549852	0.743	0.082
20161215	0.7433115950	1.704	2.3	-16.3	0.00	0.54	34.3	1.00	133.7	0.0	0.0	6.8	0.000	0.000	0.743311595	0.669	0.074
20161216	0.6699106245	1.639	0.0	-22.0	0.00	0.95	34.3	1.00	133.7	0.0	0.0	6.1	0.000	0.000	0.6699106245	0.603	0.067
20161217	0.6037578963	1.588	8.1	-11.0	0.00	0.60	39.4	1.00	133.7	0.0	0.0	5.5	0.000	0.000	0.6037578963	0.544	0.060
20161218	0.5441376565	5.114	19.8	-6.9	0.00	1.02	52.1	1.00	133.7	0.0	0.0	5.0	0.000	0.000	0.5441376565	0.490	0.054
20161219	0.4904048313	2.712	0.0	-16.7	0.00	0.82	52.1	1.00	133.7	0.0	0.0	4.5	0.000	0.000	0.4904048313	0.442	0.049
20161220	0.4419780466	2.109	0.0	-14.1	0.00	0.36	52.1	1.00	133.7	0.0	0.0	4.0	0.000	0.000	0.4419780466	0.398	0.044
20161221	0.3983333386	1.829	0.0	-5.1	0.00	0.58	52.1	1.00	133.7	0.0	0.0	3.6	0.000	0.000	0.3983333386	0.359	0.040
20161222	0.3589984839	1.712	3.0	-2.8	0.00	0.24	54.0	1.00	133.7	0.0	0.0	3.3	0.000	0.000	0.3589984839	0.323	0.036
20161223	0.3235478905	1.629	0.3	-2.2	0.00	1.01	54.2	1.00	133.7	0.0	0.0	3.0	0.000	0.000	0.3235478905	0.291	0.032
20161224	0.2915979931	1.599	3.3	-2.6	0.00	1.04	56.3	1.00	133.7	0.0	0.0	2.7	0.000	0.000	0.2915979931	0.263	0.029
20161225	0.2628031031	1.515	1.0	-8.0	0.00	1.27	57.0	1.00	133.7	0.0	0.0	2.4	0.000	0.000	0.2628031031	0.237	0.026
20161226	0.2368516677	1.499	2.3	-8.4	0.00	1.48	58.4	1.00	133.7	0.0	0.0	2.2	0.000	0.000	0.2368516677	0.213	0.024
20161227	0.5276760896	2.544	7.1	0.7	0.00	0.74	61.6	1.00	134.5	3.2	0.0	4.8	0.000	0.000	0.5276760896	0.464	0.064
20161228	0.4755688209	1.938	0.5	-6.9	0.00	0.69	61.9	1.00	134.5	0.0	0.0	4.3	0.000	0.000	0.4755688209	0.418	0.058
20161229	0.4286070713	1.669	10.2	-5.6	0.00	0.26	68.4	1.00	134.5	0.0	0.0	3.9	0.000	0.000	0.4286070713	0.377	0.052
20161230	0.3862827282	1.556	11.7	-7.6	0.00	1.10	75.9	1.00	134.5	0.0	0.0	3.5	0.000	0.000	0.3862827282	0.340	0.047
20161231	0.3481378542	1.470	3.8	-11.1	0.00	0.60	78.3	1.00	134.5	0.0	0.0	3.2	0.000	0.000	0.3481378542	0.306	0.042
20170101	0.3137597327	1.400	4.8	-5.6	0.00	0.77	81.4	1.00	134.5	0.0	0.0	2.9	0.000	0.000	0.3137597327	0.276	0.038
20170102	0.2827764021	1.375	0.0	-5.1	0.00	0.84	81.4	1.00	134.5	0.0	0.0	2.6	0.000	0.000	0.2827764021	0.249	0.034
20170103	0.2548526317	1.380	3.6	-3.8	0.00	0.53	83.7	1.00	134.5	0.0	0.0	2.3	0.000	0.000	0.2548526317	0.224	0.031
20170104	0.2296862942	1.661	8.1	-2.4	0.00	0.76	88.9	1.00	134.5	0.0	0.0	2.1	0.000	0.000	0.2296862942	0.202	0.028
20170105	0.2070050969	1.519	1.5	-7.9	0.00	1.25	89.8	1.00	134.5	0.0	0.0	1.9	0.000	0.000	0.2070050969	0.182	0.025
20170106	0.1865636359	1.404	0.5	-11.2	0.00	0.64	90.1	1.00	134.5	0.0	0.0	1.7	0.000	0.000	0.1865636359	0.164	0.023
20170107	0.1681407403	1.323	0.0	-13.2	0.00	0.70	90.1	1.00	134.5	0.0	0.0	1.5	0.000	0.000	0.1681407403	0.148	0.020
20170108	0.1515370796	1.271	0.5	-16.6	0.00	0.85	90.5	1.00	134.5	0.0	0.0	1.4	0.000	0.000	0.1515370796	0.133	0.018
20170109	0.1365730070	1.208	0.0	-18.9	0.00	0.59	90.5	1.00	134.5	0.0	0.0	1.2	0.000	0.000	0.136573007	0.120	0.017
20170110	0.1230866154	1.118	1.5	-9.8	0.00	0.37	91.4	1.00	134.5	0.0	0.0	1.1	0.000	0.000	0.1230866154	0.108	0.015
20170111	0.3086224080	1.084	6.1	2.0	0.00	1.44	95.1	1.00	135.0	2.0	0.0	2.8	0.000	0.000	0.308622408	0.267	0.041
20170112	2.1056641325	2.256	6.4	3.5	0.00	0.35	86.4	1.00	137.4	12.6	7.4	5.8	0.000	1.4674213065	0.638242826	1.742	0.363
20170113	1.5599317431	3.207	1.8	-5.7	0.00	1.53	87.6	1.00	137.4	0.0	3.2	8.5	0.000	0.6246180501	0.9353136931	1.293	0.267
20170114	1.1555397072	1.876	0.3	-15.0	0.00	0.87	87.8	1.00	137.4	0.0	0.0	10.5	0.000	0.000	1.1555397072	0.959	0.196
20170115	1.0414317927	1.557	0.5	-11.0	0.00	0.73	88.1	1.00	137.4	0.0	0.0	9.5	0.000	0.000	1.0414317927	0.865	0.177
20170116	0.9385918737	1.430	0.0	-8.3	0.00	0.51	88.1	1.00	137.4	0.0	0.0	8.6	0.000	0.000	0.9385918737	0.779	0.159
20170117	0.8459072514	1.395	2.0	-4.8	0.00	1.26	89.4	1.00	137.4	0.0	0.0	7.7	0.000	0.000	0.8459072514	0.702	0.144
20170118	0.7623751048	1.369	4.1	-2.4	0.00	0.40	92.0	1.00	137.4	0.0	0.0	7.0	0.000	0.000	0.7623751048	0.633	0.129
20170119	0.6870916397	1.326	2.0	-1.4	0.00	0.67	93.3	1.00	137.4	0.0	0.0	6.3	0.000	0.000	0.6870916397	0.571	0.117
20170120	0.6192423104	1.265	0.3	-1.5	0.00	0.91	93.5	1.00	137.4	0.0	0.0	5.7	0.000	0.000	0.6192423104	0.514	0.105
20170121	0.5580930066	1.244	0.8	-0.2	0.00	0.90	94.3	1.00	137.4	0.0	0.0	5.1	0.000	0.000	0.5580930066	0.463	0.095
20170122	0.5543124753	1.254	1.3	0.7	0.00	1.01	95.0	1.00	137.5	0.5	0.0	5.1	0.000	0.000	0.5543124753	0.460	0.095
20170123	0.4995749011	1.298	0.8	-2.3	0.00	1.07	95.5	1.00	137.5	0.0	0.0	4.6	0.000	0.000	0.4995749011	0.414	0.085
20170124	0.4502425850	1.567	21.6	-2.0	0.00	0.98	109.3	1.00	137.5	0.0	0.0	4.1	0.000	0.000	0.450242585	0.373	0.077
20170125	0.4057817655	1.498	0.8	-3.9	0.00	1.19	109.8	1.00	137.5	0.0	0.0	3.7	0.000	0.000	0.4057817655	0.337	0.069
20170126	1.2822984871	1.902	8.1	0.4	0.00	0.78	109.8	1.00	138.6	7.0	2.8	6.6	0.000	0.556490653	0.7258078341	1.045	0.237
20170127	0.9326282472	1.791	13.7	-3.7	0.00	1.47	118.6	1.00	138.6	0.0	0.0	8.5	0.000	0.000	0.9326282472	0.762	0.171
20170128	0.8405325246	1.569	2.3	-3.5	0.00	1.33	120.1	1.00	138.6	0.0	0.0	7.7	0.000	0.000	0.8405325246	0.686	0.154
20170129	0.7575311247	1.462	2.0	-3.4	0.00	1.00	121.3	1.00	138.6	0.0	0.0	6.9	0.000	0.000	0.7575311247	0.619	0.139
20170130	0.6827259957	1.415	1.5	-11.3	0.00	1.16	122.3	1.00	138.6	0.0	0.0	6.2	0.000	0.000	0.6827259957	0.558	0.125
20170131	0.6153077677	1.349	0.0	-13.2	0.00	0.95	122.3	1.00	138.6	0.0	0.0	5.6	0.000	0.000	0.6153077677	0.502	0.113
20170201	0.5545469944	1.268	2.8	-8.3	0.00	0.76	124.1	1.00	138.6	0.0	0.0	5.1	0.000	0.000	0.5545469944	0.453	0.102
20170202	0.4997862617	1.215	1.3	-8.2	0.00	0.85	124.9	1.00	138.6	0.0	0.0	4.6	0.000	0.000	0.4997862617	0.408	0.092
20170203	0.4504330741	1.171	2.8	-9.7	0.00	0.43	126.7	1.00	138.6	0.0	0.0	4.1	0.000	0.000	0.4504330741	0.368	0.083
20170204	0.4059534440	1.123	1.8	-10.3	0.00	0.93	127.9	1.00	138.6	0.0	0.0	3.7	0.000	0.000	0.405953444	0.332	0.074
20170205	0.3658661147	1.086	1.5	-7.0	0.00	0.87	128.8	1.00	138.6	0.0	0.0	3.3	0.000	0.000	0.3658661147	0.299	0.067
20170206	0.3297373524	1.073	3.8	-9.8	0.00	0.98	131.2	1.00	138.6	0.0	0.0	3.0	0.000	0.000	0.3297373524	0.269	0.060
20170207	0.2971762545	1.058	12.4	-8.4	0.00	0.48	139.2	1.00	138.6	0.0	0.0	2.7	0.000	0.000	0.2971762545	0.243	0.054
20170208	0.2678305190	1.233	6.1	-1.1	0.00	0.79	143.1	1.00	138.6	0.0	0.0	2.4	0.000	0.000	0.267830519	0.219	0.049
20170209	0.2413826334	1.153	5.6	-13.0	0.00	0.50	146.7	1.00	138.6	0.0	0.0	2.2	0.000	0.000	0.2413826334	0.197	0.044
20170210	0.2175464392	1.103	1.8	-17.8	0.00	0.54	147.8	1.00	138.6	0.0	0.0	2.0	0.000	0.000	0.2175464392	0.178	0.040
20170211	0.1960640355	1.056	1.8	-13.6	0.00	0.30	149.0	1.00	138.6	0.0	0.0	1.8	0.000	0.000	0.1960640355	0.160	0.036
20170212	0.1767029888	1.016	17.0	-10.8	0.00	0.35	159.8	1.00	138.6	0.0	0.0	1.6	0.000	0.000	0.1767029888	0.144	0.032
20170213	0.1592538182	0.999	5.3	-7.2	0.00	0.49	163.2	1.00	138.6	0.0	0.0	1.5	0.000	0.000	0.1592538182	0.130	0.029
20170214	0.1435277285	0.961	5.6	-8.2	0.00	0.67	166.8	1.00	138.6	0.0	0.0	1.3	0.000	0.000	0.1435277285	0.117	0.026
20170215	0.1293545680	0.919	6.1	-4.5	0.00	0.30	170.7	1.00	138.6	0.0	0.0	1.2	0.000	0.000	0.129354568	0.106	0.024
20170216	0.1165809870	0.920	5.3	-6.0	0.00	0.39	174.1	1.00	138.6	0.0	0.0	1.1	0.000	0.000	0.116580987	0.095	0.021
20170217	0.1050687792	0.919	1.3	-7.1	0.00	1.21	174.9	1.00	138.6	0.0	0.0	1.0	0.000	0.000	0.1050687792	0.086	0.019
20170218	0.0946933856	0.916	0.0	-3.1	0.00	1.16	174.9	1.00	138.6	0.0	0.0	0.9	0.000	0.000	0.0946933856	0.077	0.017
20170219	0.0853425475	1.334	0.0	3.8	0.00	1.58	174.9	1.00	138.6	0.0	0.0	0.8	0.000	0.000	0.0853425475	0.070	0.016
20170220	0.0769150914	1.259	0.0	-3.8	0.00	0.87	174.9	1.00	138.6	0.0	0.0	0.7	0.000	0.000	0.0769150914	0.063	0.014
20170221	0.0693198347	1.109	0.3	-4.1	0.00	1.11	175.1	1.00	138.6	0.0	0.0	0.6	0.000	0.000	0.0693198347	0.057	0.013
20170222	0.1587292509	1.144	0.0	4.3	0.00	1.45	174.0	1.00	138.7	1.0	0.0	1.4	0.000	0.000	0.1587292509	0.128	0.030
20170223	2.1475442484	2.027	0.0	6.7	0.00	1.00	158.8	1.00	140.3	13.6	8.3	4.6	0.000	1.6443928419	0.5031514065	1.567	0.581
20170224	3.0550635216	3.357	0.8	3.7	0.00	0.34	149.9	1.00	141.1	8.9	11.4	7.4	0.000	2.2415011611	0.8135623605	2.162	0.893
20170225	7.2634017131	8.691	19.3	5.3	0.00	0.41	137.6	1.00	142.9	29.7	31.3	10.0	0.000	6.1700810419	1.0933206712	4.808	2.455
20170226	5.8977209293	8.663	4.1	-4.7	0.00	1.30	140.3	1.00	142.9	0.0	23.1	12.3	0.000	4.5522676856	1.3454532436	3.909	1.989
20170227	4.7737621020	4.705	0.8	-2.9	0.00	1.37	140.8	1.00	142.9	0.0	16.2	14.4	0.000	3.2010740215	1.5726880806	3.168	1.605
20170228	4.3893085696	3.766	0.3	1.3	0.00	1.26	137.7	1.00	143.1	3.3	13.2	16.2	0.000	2.6118247713	1.7774837982	2.900	1.489
20170301	6.5469992596	7.047	9.1	4.1	0.00	0.66	127.9	1.00	143.7	18.2	23.2	17.9	0.000	4.5849430316	1.962056228	4.180	2.367
20170302	5.3567667795	9.705	5.8	-3.1	0.00	0.59	131.6	1.00	143.7	0.0	16.4	19.4	0.000	3.2283643886	2.1284023908	3.427	1.930
20170303	4.3736754079	5.714	0.0	-11.0	0.00	0.69	131.6	1.00	143.7	0.0	10.6	20.8	0.000	2.0953533029	2.278322105	2.804	1.570
20170304	3.5625027402	4.437	1.8	-16.5	0.00	0.48	132.8	1.00	143.7	0.0	5.8	22.0	0.000	1.1490652811	2.4134374591	2.289	1.273
20170305	2.8939382576	3.799	0.0	-13.3	0.00	0.90	132.8	1.00	143.7	0.0	1.8	23.1	0.000	0.3587278948	2.5352103628	1.865	1.029
20170306	2.4643854664	3.523	0.3	-7.5	0.00	0.94	133.0	1.00	143.7	0.0	0.0	22.5	0.000	0.000	2.4643854664	1.591	0.874
20170307	2.2210308813	3.396	4.3	-1.0	0.00	0.21	135.7	1.00	143.7	0.0	0.0	20.3	0.000	0.000	2.2210308813	1.434	0.787
20170308	3.3825472595	4.642	6.4	3.9	0.00	1.15	132.0	1.00	143.9	9.8	5.2	21.6	0.000	1.0207435967	2.3618036628	2.117	1.266
20170309	2.7402292763	3.849	6.1	-3.0	0.00	1.18	135.9	1.00	143.9	0.0	1.3	22.7	0.000	0.2515539453	2.488675331	1.724	1.017
20170310	2.3688110463	3.300	2.8	-9.0	0.00	0.54	137.7	1.00	143.9	0.0	0.0	21.6	0.000	0.000	2.3688110463	1.493	0.876
20170311	2.1348943002	2.960	0.8	-19.8	0.00	0.70	138.2	1.00	143.9	0.0	0.0	19.5	0.000	0.000	2.1348943002	1.346	0.789
20170312	1.9240765025	2.586	0.0	-16.5	0.00	1.08	138.2	1.00	143.9	0.0	0.0	17.6	0.000	0.000	1.9240765025	1.213	0.711
20170313	1.7340766647	2.328	0.0	-13.2	0.00	1.41	138.2	1.00	143.9	0.0	0.0	15.8	0.000	0.000	1.7340766647	1.093	0.641
20170314	1.5628390426	2.261	34.3	-9.9	0.00	0.45	160.2	1.00	143.9	0.0	0.0	14.3	0.000	0.000	1.5628390426	0.985	0.578
20170315	1.4085108939	2.166	8.9	-9.4	0.00	0.27	165.9	1.00	143.9	0.0	0.0	12.9	0.000	0.000	1.4085108939	0.888	0.521
20170316	1.2694224319	2.038	2.8	-9.7	0.00	1.05	167.7	1.00	143.9	0.0	0.0	11.6	0.000	0.000	1.2694224319	0.800	0.469
20170317	1.1440687592	1.945	1.5	-8.5	0.00	0.99	168.6	1.00	143.9	0.0	0.0	10.4	0.000	0.000	1.1440687592	0.721	0.423
20170318	1.0310935846	1.869	0.0	-5.7	0.00	0.98	168.6	1.00	143.9	0.0	0.0	9.4	0.000	0.000	1.0310935846	0.650	0.381
20170319	0.9292745491	1.825	0.0	-3.1	0.00	1.17	168.6	1.00	143.9	0.0	0.0	8.5	0.000	0.000	0.9292745491	0.586	0.343
20170320	0.8375099995	1.843	0.0	-0.6	0.00	1.31	168.6	1.00	143.9	0.0	0.0	7.6	0.000	0.000	0.8375099995	0.528	0.310
20170321	0.7548070696	1.806	0.0	0.8	0.00	1.21	168.6	1.00	143.9	0.0	0.0	6.9	0.000	0.000	0.7548070696	0.476	0.279
20170322	0.6802709373	1.687	3.3	-8.8	0.00	1.13	170.7	1.00	143.9	0.0	0.0	6.2	0.000	0.000	0.6802709373	0.429	0.251
20170323	0.6130951427	1.582	0.0	-10.2	0.00	0.99	170.7	1.00	143.9	0.0	0.0	5.6	0.000	0.000	0.6130951427	0.386	0.227
20170324	0.5525528631	1.571	10.4	-6.1	0.00	0.38	177.4	1.00	143.9	0.0	0.0	5.0	0.000	0.000	0.5525528631	0.348	0.204
20170325	0.4979890481	1.515	0.5	-4.5	0.00	0.43	177.7	1.00	143.9	0.0	0.0	4.5	0.000	0.000	0.4979890481	0.314	0.184
20170326	0.4488133327	1.503	0.3	-2.8	0.00	1.24	177.9	1.00	143.9	0.0	0.0	4.1	0.000	0.000	0.4488133327	0.283	0.166
20170327	0.4044936498	1.841	10.4	-0.3	0.00	0.50	188.3	1.00	143.9	0.0	0.0	3.7	0.000	0.000	0.4044936498	0.255	0.150
20170328	0.9101358718	2.141	1.5	2.7	0.00	0.26	184.9	1.00	144.0	4.8	0.9	6.6	0.000	0.1854889537	0.724646918	0.555	0.355
20170329	0.9267659585	2.051	1.0	-0.3	0.00	0.93	184.1	1.00	144.1	1.8	0.0	8.5	0.000	0.000	0.9267659585	0.564	0.363
20170330	1.1094127088	1.816	0.0	0.7	0.00	1.91	181.2	1.00	144.1	2.8	0.0	10.1	0.000	0.000	1.1094127088	0.671	0.438
20170331	2.9808243142	1.761	11.7	0.3	0.00	1.40	179.2	1.00	144.3	13.5	8.2	12.4	0.000	1.620868099	1.3599562153	1.794	1.187
20170401	5.4050444945	1.659	16.0	0.7	0.00	0.60	176.4	1.00	144.6	18.6	19.4	14.5	0.000	3.8192855903	1.5857589042	3.305	2.100
20170402	5.5130619097	1.886	0.3	2.6	0.00	0.74	169.7	1.00	144.6	6.9	18.9	16.3	0.000	3.7237980132	1.7892638965	3.376	2.137
20170403	5.5858741342	2.019	0.0	2.6	0.00	1.20	163.0	1.00	144.7	6.7	18.3	18.0	0.000	3.613201076	1.9726730582	3.415	2.171
20170404	6.8391499554	2.412	10.4	1.1	0.00	0.39	159.4	1.00	144.8	13.9	23.8	19.5	0.000	4.7011791313	2.1379708241	4.166	2.673
20170405	6.7087986379	2.592	2.0	1.6	0.00	0.79	154.7	1.00	144.8	6.7	22.4	20.9	0.000	4.4218529689	2.286945669	4.078	2.631
20170406	8.8453326662	3.849	15.2	1.8	0.00	0.60	149.6	1.00	144.9	20.2	32.6	22.1	0.000	6.4241232078	2.4212094583	5.373	3.472
20170407	10.3629496700	5.213	8.4	1.9	0.00	0.22	144.4	1.00	144.9	13.6	34.7	23.2	0.82078122	6.9999535619	2.542214888	6.302	4.061
20170408	7.7613795385	3.902	5.1	-2.4	0.00	0.75	147.7	1.00	144.9	0.0	25.9	24.2	0.000	5.1101083361	2.6512712024	4.720	3.041
20170409	7.5101507671	3.904	0.3	2.7	0.00	1.57	141.4	1.00	144.9	6.6	24.1	25.1	0.000	4.7605924073	2.7495583598	4.562	2.948
20170410	10.7438194068	8.742	0.0	10.1	0.00	1.86	119.1	1.00	145.0	22.2	34.8	25.9	0.8721452562	7.0335343515	2.8381397991	6.283	4.461
20170411	17.0175949588	18.395	1.0	11.7	0.00	1.22	93.7	1.00	145.0	26.4	43.4	26.6	4.6174685032	9.4821525092	2.9179739464	9.256	7.762
20170412	15.2961022779	18.372	0.3	5.7	0.00	0.54	80.5	1.00	145.0	13.4	40.9	27.3	3.533017664	8.7731600296	2.9899245843	8.036	7.260
20170413	13.6479261831	13.782	2.0	4.1	0.00	1.57	70.7	1.00	145.0	11.8	38.5	27.9	2.4971957843	8.0959602004	3.0547701984	6.936	6.712
20170414	12.6449946904	13.201	0.3	4.9	0.00	1.95	59.3	1.00	145.0	11.7	37.0	28.4	1.8554093498	7.676372941	3.1132123996	6.189	6.456
20170415	17.5150388086	15.518	5.6	8.6	0.00	2.10	40.1	1.00	145.0	24.7	43.8	28.9	4.7683557137	9.5807995789	3.165883516	7.821	9.694
20170416	24.2578566963	26.883	7.9	12.0	0.00	2.40	14.0	1.00	145.0	34.1	53.2	29.3	8.8168671152	12.2276361471	3.213353434	9.857	14.400
20170417	19.3008657899	21.485	1.3	4.9	0.00	2.57	2.6	1.00	145.0	12.7	46.2	29.7	5.7936278383	10.2511021871	3.2561357646	7.686	11.615
20170418	12.1986241327	13.829	0.0	3.8	0.00	2.28	0.0	0.00	145.0	2.6	36.2	30.1	1.4757630335	7.4281676988	3.2946934005	4.949	7.250
20170419	10.7945872647	12.714	9.1	4.2	1.35	1.35	0.0	0.00	143.7	9.1	34.2	30.4	0.6057641078	6.8593796327	3.3294435243	4.363	6.431
20170420	8.6778570944	11.894	1.8	5.3	1.83	1.83	0.0	0.00	141.9	1.8	26.9	30.7	0.000	5.317094972	3.3607621224	3.543	5.134
20170421	9.4132552869	12.750	14.0	3.8	1.76	1.76	0.0	0.00	140.9	13.3	30.5	30.9	0.000	6.0242672338	3.3889880532	3.894	5.519
20170422	8.3467204796	10.227	3.3	4.1	1.26	1.26	0.0	0.00	139.9	3.0	25.0	31.2	0.000	4.9322937664	3.4144267132	3.480	4.866
20170423	7.0004449068	8.719	0.3	7.7	2.25	2.25	0.0	0.00	137.7	0.3	18.1	31.4	0.000	3.5630915654	3.4373533414	2.934	4.066
20170424	5.8329326002	7.746	0.0	7.9	2.32	2.32	0.0	0.00	135.4	0.0	12.0	31.6	0.000	2.3749166028	3.4580159974	2.458	3.375
20170425	5.3081326086	7.046	3.3	7.4	1.46	1.46	0.0	0.00	134.5	2.7	9.3	31.7	0.000	1.8314943632	3.4766382454	2.259	3.049
20170426	4.7958174384	7.088	2.8	11.1	0.33	0.33	0.0	0.00	134.7	2.3	6.6	31.9	0.000	1.3023958658	3.4934215727	2.060	2.736
20170427	4.1288625593	5.852	1.0	14.7	1.39	1.39	0.0	0.00	133.5	0.8	3.1	32.0	0.000	0.6203149893	3.50854757	1.782	2.347
20170428	3.5115212937	5.034	0.5	16.6	2.27	2.27	0.0	0.00	131.3	0.4	0.0	32.0	0.000	0.000	3.5115212937	1.520	1.992
20170429	3.2243472993	4.349	0.8	12.4	2.26	2.26	0.0	0.00	129.2	0.6	0.0	29.4	0.000	0.000	3.2243472993	1.398	1.826
20170430	2.9771588422	3.884	1.0	2.7	2.08	2.08	0.0	0.00	127.4	0.7	0.0	27.2	0.000	0.000	2.9771588422	1.294	1.684
20170501	4.7120209494	5.573	18.8	6.2	0.81	0.81	0.0	0.00	131.7	13.8	8.5	27.8	0.000	1.6687558941	3.0432650553	2.267	2.445
20170502	5.7315315326	8.210	14.2	7.9	0.46	0.46	0.0	0.00	134.3	11.1	13.3	28.3	0.000	2.6286881595	3.1028433731	2.924	2.808
20170503	5.3241900782	6.038	4.3	3.5	1.36	1.36	0.0	0.00	133.7	3.5	11.0	28.8	0.000	2.167651662	3.1565384162	2.742	2.582
20170504	4.4143798392	4.732	0.0	8.2	1.64	1.64	0.0	0.00	132.1	0.0	6.1	29.3	0.000	1.2094486896	3.2049311496	2.251	2.164
20170505	5.0017998745	5.350	10.4	7.0	0.94	0.94	0.0	0.00	133.4	8.2	8.9	29.6	0.000	1.7532547056	3.2485451689	2.682	2.320
20170506	5.0194895484	5.489	6.6	10.7	1.66	1.66	0.0	0.00	133.1	5.3	8.8	30.0	0.000	1.731637183	3.2878523654	2.759	2.260
20170507	6.1630824360	5.798	15.0	7.3	1.15	1.15	0.0	0.00	134.8	12.1	14.4	30.3	0.000	2.8398044042	3.3232780318	3.619	2.545
20170508	5.3002519952	6.016	1.3	2.5	0.82	0.82	0.0	0.00	134.2	1.1	9.9	30.6	0.000	1.9450465316	3.3552054636	3.099	2.201
20170509	4.6062142472	4.609	1.5	2.6	1.58	1.58	0.0	0.00	132.9	1.2	6.2	30.9	0.000	1.2222341406	3.3839801066	2.686	1.921
20170510	3.8297516373	4.126	0.0	5.0	2.74	2.74	0.0	0.00	130.2	0.0	2.1	31.1	0.000	0.4198383431	3.4099132942	2.208	1.622
20170511	3.2832951308	3.709	0.0	8.4	3.02	3.02	0.0	0.00	127.2	0.0	0.0	30.0	0.000	0.000	3.2832951308	1.878	1.405
20170512	2.9590743727	3.391	0.0	11.1	3.24	3.24	0.0	0.00	123.9	0.0	0.0	27.0	0.000	0.000	2.9590743727	1.693	1.266
20170513	2.6858439579	3.144	0.3	11.2	1.60	1.60	0.0	0.00	122.5	0.2	0.0	24.5	0.000	0.000	2.6858439579	1.539	1.147
20170514	4.1238324019	4.331	17.8	6.5	1.83	1.83	0.0	0.00	126.6	11.8	6.8	25.4	0.000	1.3431152975	2.7807171044	2.628	1.495
20170515	4.7118838969	5.810	11.4	9.2	0.95	0.95	0.0	0.00	129.0	8.0	9.4	26.2	0.000	1.8456622352	2.8662216617	3.121	1.591
20170516	3.8838066913	3.745	0.0	13.1	2.19	2.19	0.0	0.00	126.9	0.0	4.8	26.9	0.000	0.9405239266	2.9432827647	2.544	1.340
20170517	3.1972888703	3.165	0.0	18.7	3.44	3.44	0.0	0.00	123.4	0.0	0.9	27.5	0.000	0.1845546777	3.0127341926	2.068	1.129
20170518	2.8263361785	2.805	0.3	23.3	4.01	4.01	0.0	0.00	119.5	0.2	0.0	25.8	0.000	0.000	2.8263361785	1.823	1.003
20170519	2.6215734564	2.636	1.3	12.2	2.39	2.39	0.0	0.00	117.7	0.8	0.0	23.9	0.000	0.000	2.6215734564	1.699	0.922
20170520	2.3626967792	2.418	0.0	9.8	3.39	3.39	0.0	0.00	114.3	0.0	0.0	21.6	0.000	0.000	2.3626967792	1.532	0.831
20170521	2.1293838084	2.219	0.0	11.5	2.86	2.86	0.0	0.00	111.4	0.0	0.0	19.4	0.000	0.000	2.1293838084	1.380	0.749
20170522	3.0976051611	3.539	16.5	9.5	1.40	1.40	0.0	0.00	117.9	8.6	4.1	20.8	0.000	0.8183985522	2.279206609	2.171	0.927
20170523	2.5426032040	2.852	0.5	12.6	3.32	3.32	0.0	0.00	114.8	0.3	0.7	22.0	0.000	0.1283685844	2.4142346196	1.761	0.782
20170524	2.2400737638	2.244	0.0	15.0	1.74	1.74	0.0	0.00	113.1	0.0	0.0	20.4	0.000	0.000	2.2400737638	1.546	0.694
20170525	2.1071174912	2.041	1.8	12.9	2.23	2.24	0.0	0.00	111.7	0.9	0.0	19.2	0.000	0.000	2.1071174912	1.463	0.644
20170526	3.2118705143	3.859	17.8	10.1	2.73	2.73	0.0	0.00	117.4	9.4	4.8	20.6	0.000	0.9527314551	2.2591390592	2.394	0.817
20170527	2.6813891882	2.560	1.0	12.8	2.72	2.72	0.0	0.00	115.1	0.5	1.4	21.9	0.000	0.2852404763	2.3961487119	1.983	0.698
20170528	2.3022795530	2.063	0.0	15.1	3.53	3.53	0.0	0.00	111.6	0.0	0.0	21.0	0.000	0.000	2.302279553	1.694	0.609
20170529	2.2962764786	2.059	4.6	10.9	1.29	1.31	0.0	0.00	112.7	2.2	0.0	21.0	0.000	0.000	2.2962764786	1.710	0.586
20170530	2.3478141648	2.225	5.6	9.7	1.68	1.68	0.0	0.00	113.8	2.8	0.0	21.4	0.000	0.000	2.3478141648	1.774	0.574
20170531	2.4547877233	2.843	6.6	13.2	3.02	3.02	0.0	0.00	113.9	3.4	0.0	22.4	0.000	0.000	2.4547877233	1.885	0.570
20170601	2.2522203554	2.295	0.8	12.9	4.97	4.97	0.0	0.00	109.3	0.4	0.0	20.6	0.000	0.000	2.2522203554	1.732	0.520
20170602	2.2250525647	2.017	4.3	8.3	3.96	4.09	0.0	0.00	107.7	2.0	0.0	20.3	0.000	0.000	2.2250525647	1.728	0.497
20170603	2.2975653525	2.394	6.6	8.1	3.13	3.26	0.0	0.00	108.2	3.0	0.0	21.0	0.000	0.000	2.2975653525	1.809	0.489
20170604	2.6701474211	2.436	10.9	12.4	3.72	3.81	0.0	0.00	110.3	5.1	1.2	22.2	0.000	0.239366958	2.4307804631	2.153	0.517
20170605	2.5882149249	2.575	5.6	10.2	0.76	0.78	0.0	0.00	112.5	2.7	0.2	23.3	0.000	0.0373741553	2.5508407696	2.101	0.487
20170606	3.8153340906	4.855	19.3	8.2	2.92	2.92	0.0	0.00	118.4	10.5	5.9	24.3	0.000	1.1562888003	2.6590452904	3.224	0.591
20170607	3.1676702651	3.138	0.5	13.2	4.05	4.05	0.0	0.00	114.6	0.3	2.1	25.2	0.000	0.4111054976	2.7565647675	2.663	0.505
20170608	2.6900935406	2.305	0.0	17.6	5.54	5.54	0.0	0.00	109.0	0.0	0.0	24.6	0.000	0.000	2.6900935406	2.252	0.438
20170609	2.4244506019	2.020	0.0	15.1	2.92	3.05	0.0	0.00	106.1	0.0	0.0	22.1	0.000	0.000	2.4244506019	2.030	0.395
20170610	2.1850395283	1.809	0.0	15.7	4.35	4.67	0.0	0.00	101.7	0.0	0.0	19.9	0.000	0.000	2.1850395283	1.829	0.356
20170611	1.9873485326	1.552	0.5	21.5	3.40	3.80	0.0	0.00	98.7	0.2	0.0	18.1	0.000	0.000	1.9873485326	1.665	0.323
20170612	1.7911006711	1.316	0.0	22.7	4.21	4.86	0.0	0.00	94.5	0.0	0.0	16.3	0.000	0.000	1.7911006711	1.500	0.291
20170613	1.6142320089	1.124	0.0	18.9	3.88	4.68	0.0	0.00	90.6	0.0	0.0	14.7	0.000	0.000	1.6142320089	1.352	0.262
20170614	1.4548288773	1.042	0.0	13.4	5.02	6.32	0.0	0.00	85.6	0.0	0.0	13.3	0.000	0.000	1.4548288773	1.219	0.236
20170615	1.3111665799	0.959	0.0	14.2	4.47	5.96	0.0	0.00	81.1	0.0	0.0	12.0	0.000	0.000	1.3111665799	1.098	0.213
20170616	1.7469698983	2.700	19.8	13.0	2.89	3.72	0.0	0.00	93.1	4.9	1.0	14.1	0.000	0.2051827218	1.5417871765	1.509	0.238
20170617	1.4922205175	1.663	0.0	17.6	4.30	5.27	0.0	0.00	88.8	0.0	0.0	13.6	0.000	0.000	1.4922205175	1.284	0.208
20170618	1.3522432877	1.247	0.3	21.3	3.61	4.63	0.0	0.00	85.4	0.1	0.0	12.3	0.000	0.000	1.3522432877	1.164	0.188
20170619	2.1931263062	4.466	24.9	20.5	3.77	4.57	0.0	0.00	99.2	7.4	3.1	14.4	0.000	0.6143186889	1.5788076174	1.962	0.231
20170620	2.5781179619	4.345	14.0	17.0	5.08	5.59	0.0	0.00	102.7	5.4	4.0	16.3	0.000	0.7951189225	1.7829990394	2.338	0.241
20170621	2.0301396293	2.347	0.0	14.6	4.48	4.97	0.0	0.00	98.3	0.0	0.3	18.0	0.000	0.0631127824	1.9670268468	1.830	0.200
20170622	1.8043701935	1.783	0.0	15.9	3.07	3.56	0.0	0.00	95.2	0.0	0.0	16.5	0.000	0.000	1.8043701935	1.626	0.178
20170623	2.7591698896	3.879	22.4	18.1	3.78	4.22	0.0	0.00	105.5	8.3	3.9	18.1	0.000	0.7728822599	1.9862876297	2.547	0.212
20170624	4.2930511791	6.725	26.2	17.1	4.85	4.93	0.0	0.00	114.1	12.7	10.9	19.6	0.000	2.1428102032	2.1502409759	4.038	0.255
20170625	4.1921281829	3.687	8.1	15.4	5.62	5.62	0.0	0.00	112.3	4.3	9.6	21.0	0.000	1.8941240223	2.2980041606	3.953	0.239
20170626	3.4121750293	3.073	0.0	13.5	5.37	5.45	0.0	0.00	106.9	0.0	5.0	22.2	0.000	0.9809990898	2.4311759395	3.210	0.202
20170627	3.2705945571	2.639	6.9	13.7	3.39	3.55	0.0	0.00	107.4	3.0	3.6	23.3	0.000	0.7193973638	2.5511971933	3.084	0.187
20170628	2.8009763209	2.674	2.0	12.3	3.49	3.68	0.0	0.00	105.1	0.9	0.7	24.3	0.000	0.1416098032	2.6593665177	2.638	0.163
20170629	4.9370370922	5.470	32.3	13.3	2.78	2.80	0.0	0.00	118.4	16.2	11.0	25.2	0.000	2.1801828181	2.7568542741	4.733	0.204
20170630	4.2794838532	6.641	2.3	16.7	4.28	4.28	0.0	0.00	115.1	1.3	7.3	26.0	0.000	1.434768601	2.8447152522	4.100	0.180
20170701	4.7809819342	6.016	13.7	17.6	3.87	3.87	0.0	0.00	117.3	7.6	9.4	26.7	0.000	1.8570818514	2.9239000828	4.601	0.180
20170702	4.0175799118	4.657	0.8	18.5	5.70	5.70	0.0	0.00	112.0	0.4	5.2	27.3	0.000	1.0223143887	2.9952655231	3.862	0.156
20170703	3.4557720975	3.508	1.8	16.1	7.47	7.57	0.0	0.00	105.4	0.9	2.0	27.9	0.000	0.3961883706	3.059583727	3.319	0.137
20170704	2.9557246055	2.884	0.0	16.0	6.75	7.29	0.0	0.00	98.7	0.0	0.0	27.0	0.000	0.000	2.9557246055	2.836	0.120
20170705	2.6638509742	2.473	0.0	17.1	6.49	7.50	0.0	0.00	92.2	0.0	0.0	24.3	0.000	0.000	2.6638509742	2.556	0.108
20170706	2.4007994518	2.130	0.0	18.8	5.48	6.78	0.0	0.00	86.7	0.0	0.0	21.9	0.000	0.000	2.4007994518	2.304	0.097
20170707	2.2542416124	1.977	3.8	18.9	3.56	4.60	0.0	0.00	86.0	0.9	0.0	20.6	0.000	0.000	2.2542416124	2.165	0.089
20170708	2.3172635251	2.504	11.2	17.4	3.03	3.83	0.0	0.00	91.3	2.9	0.0	21.1	0.000	0.000	2.3172635251	2.232	0.085
20170709	2.1150526179	2.159	1.0	16.3	3.19	3.97	0.0	0.00	88.9	0.3	0.0	19.3	0.000	0.000	2.1150526179	2.038	0.077
20170710	1.9061941584	1.702	0.0	17.8	3.04	3.90	0.0	0.00	85.8	0.0	0.0	17.4	0.000	0.000	1.9061941584	1.836	0.070
20170711	1.7749140274	1.526	2.5	19.5	4.12	5.42	0.0	0.00	83.6	0.6	0.0	16.2	0.000	0.000	1.7749140274	1.711	0.064
20170712	1.6203815850	1.457	1.0	18.7	4.86	6.59	0.0	0.00	79.6	0.2	0.0	14.8	0.000	0.000	1.620381585	1.563	0.058
20170713	1.6982120071	2.601	11.4	14.4	3.02	4.10	0.0	0.00	85.5	2.4	0.0	15.5	0.000	0.000	1.6982120071	1.643	0.056
20170714	1.6297141497	2.126	4.3	13.4	1.29	1.69	0.0	0.00	87.5	1.0	0.0	14.9	0.000	0.000	1.6297141497	1.578	0.051
20170715	1.4805820356	1.834	0.5	17.3	3.82	4.96	0.0	0.00	84.1	0.1	0.0	13.5	0.000	0.000	1.4805820356	1.434	0.046
20170716	1.3512305009	1.358	0.8	18.8	4.52	6.11	0.0	0.00	80.2	0.2	0.0	12.3	0.000	0.000	1.3512305009	1.309	0.042
20170717	1.4363591502	1.675	10.4	19.7	3.46	4.68	0.0	0.00	84.9	2.2	0.0	13.1	0.000	0.000	1.4363591502	1.396	0.041
20170718	1.3053532056	1.485	0.5	19.7	3.92	5.25	0.0	0.00	81.4	0.1	0.0	11.9	0.000	0.000	1.3053532056	1.269	0.037
20170719	1.1822147801	1.077	0.3	20.2	4.46	6.23	0.0	0.00	77.2	0.1	0.0	10.8	0.000	0.000	1.1822147801	1.149	0.033
20170720	1.0704299798	0.887	0.3	19.9	4.10	6.04	0.0	0.00	73.3	0.1	0.0	9.8	0.000	0.000	1.0704299798	1.041	0.030
20170721	0.9647265308	0.718	0.0	19.6	4.58	7.11	0.0	0.00	68.8	0.0	0.0	8.8	0.000	0.000	0.9647265308	0.938	0.027
20170722	0.8730339124	0.594	0.3	18.6	3.45	5.71	0.0	0.00	65.6	0.0	0.0	8.0	0.000	0.000	0.8730339124	0.849	0.024
20170723	0.7899465143	0.516	0.3	16.9	3.14	5.45	0.0	0.00	62.7	0.0	0.0	7.2	0.000	0.000	0.7899465143	0.768	0.022
20170724	0.8963738121	1.085	15.2	12.5	2.68	4.41	0.0	0.00	73.3	1.9	0.0	8.2	0.000	0.000	0.8963738121	0.875	0.022
20170725	0.8522067641	1.404	3.0	13.5	2.88	4.39	0.0	0.00	73.0	0.4	0.0	7.8	0.000	0.000	0.8522067641	0.832	0.020
20170726	0.7751147857	0.819	0.5	15.9	3.69	5.75	0.0	0.00	69.8	0.1	0.0	7.1	0.000	0.000	0.7751147857	0.757	0.018
20170727	0.7109812282	0.717	1.0	16.8	3.00	4.87	0.0	0.00	67.6	0.1	0.0	6.5	0.000	0.000	0.7109812282	0.695	0.016
20170728	0.6580386843	0.614	1.5	14.9	3.90	6.51	0.0	0.00	65.1	0.2	0.0	6.0	0.000	0.000	0.6580386843	0.643	0.015
20170729	0.5930582933	0.451	0.0	14.7	2.88	5.05	0.0	0.00	62.2	0.0	0.0	5.4	0.000	0.000	0.5930582933	0.580	0.013
20170730	0.5344946243	0.361	0.0	15.8	3.97	7.27	0.0	0.00	58.2	0.0	0.0	4.9	0.000	0.000	0.5344946243	0.522	0.012
20170731	0.4891462078	0.335	1.0	18.3	1.61	3.12	0.0	0.00	57.5	0.1	0.0	4.5	0.000	0.000	0.4891462078	0.478	0.011
20170801	0.4430002420	0.306	0.3	18.9	2.03	4.00	0.0	0.00	55.8	0.0	0.0	4.0	0.000	0.000	0.443000242	0.433	0.010
20170802	0.3992545936	0.233	0.0	19.7	2.17	4.43	0.0	0.00	53.6	0.0	0.0	3.6	0.000	0.000	0.3992545936	0.390	0.009
20170803	0.4442767033	0.809	11.2	19.8	3.29	6.39	0.0	0.00	60.7	0.9	0.0	4.1	0.000	0.000	0.4442767033	0.436	0.009
20170804	0.4087597139	0.534	1.0	19.7	3.12	5.81	0.0	0.00	58.5	0.1	0.0	3.7	0.000	0.000	0.4087597139	0.401	0.008
20170805	1.0188857476	3.876	35.6	16.1	2.72	4.22	0.0	0.00	85.9	5.4	1.5	6.6	0.000	0.2903940333	0.7284917143	1.009	0.010
20170806	0.8661193179	1.810	2.8	13.7	4.74	6.21	0.0	0.00	83.3	0.7	0.0	7.9	0.000	0.000	0.8661193179	0.858	0.009
20170807	0.8684205878	1.045	4.1	15.1	4.02	5.39	0.0	0.00	82.5	0.9	0.0	7.9	0.000	0.000	0.8684205878	0.860	0.008
20170808	0.8129191314	0.939	1.5	15.0	4.75	6.51	0.0	0.00	79.0	0.3	0.0	7.4	0.000	0.000	0.8129191314	0.806	0.007
20170809	0.7557387006	0.635	1.3	16.1	4.49	6.43	0.0	0.00	75.6	0.2	0.0	6.9	0.000	0.000	0.7557387006	0.749	0.007
20170810	0.6888924661	0.474	0.5	18.1	2.72	4.09	0.0	0.00	73.3	0.1	0.0	6.3	0.000	0.000	0.6888924661	0.683	0.006
20170811	0.6251434156	0.411	0.3	18.9	3.40	5.28	0.0	0.00	70.1	0.0	0.0	5.7	0.000	0.000	0.6251434156	0.620	0.006
20170812	0.7776233429	0.846	13.7	18.5	2.19	3.28	0.0	0.00	79.5	2.2	0.0	7.1	0.000	0.000	0.7776233429	0.772	0.006
20170813	0.7778478348	0.794	4.1	16.4	2.37	3.34	0.0	0.00	80.4	0.8	0.0	7.1	0.000	0.000	0.7778478348	0.773	0.005
20170814	0.7103180913	0.488	0.5	16.7	3.10	4.38	0.0	0.00	77.7	0.1	0.0	6.5	0.000	0.000	0.7103180913	0.705	0.005
20170815	1.0951253246	1.252	19.1	17.7	3.34	4.47	0.0	0.00	89.3	4.2	0.5	9.1	0.000	0.0948536969	1.0002716277	1.090	0.005
20170816	0.9739187248	1.054	1.0	13.4	3.20	4.06	0.0	0.00	86.8	0.3	0.0	8.9	0.000	0.000	0.9739187248	0.969	0.005
20170817	0.8777456259	0.559	0.0	14.0	2.84	3.74	0.0	0.00	84.0	0.0	0.0	8.0	0.000	0.000	0.8777456259	0.873	0.004
20170818	1.1631764134	1.676	14.7	15.0	1.93	2.46	0.0	0.00	93.0	3.7	0.1	10.5	0.000	0.0120104837	1.1511659297	1.158	0.005
20170819	1.0801399824	1.056	1.3	18.5	4.44	5.41	0.0	0.00	89.5	0.4	0.0	9.9	0.000	0.000	1.0801399824	1.076	0.004
20170820	0.9986267943	0.738	1.0	16.9	4.47	5.67	0.0	0.00	85.8	0.3	0.0	9.1	0.000	0.000	0.9986267943	0.995	0.004
20170821	0.9111615449	0.521	0.5	18.8	3.75	4.97	0.0	0.00	82.4	0.1	0.0	8.3	0.000	0.000	0.9111615449	0.908	0.004
20170822	0.9583489147	0.592	6.4	20.2	3.54	4.75	0.0	0.00	83.9	1.4	0.0	8.7	0.000	0.000	0.9583489147	0.955	0.003
20170823	0.8741804798	0.589	0.5	15.4	4.11	5.58	0.0	0.00	80.2	0.1	0.0	8.0	0.000	0.000	0.8741804798	0.871	0.003
20170824	0.7878563917	0.389	0.0	13.8	3.48	4.95	0.0	0.00	76.7	0.0	0.0	7.2	0.000	0.000	0.7878563917	0.785	0.003
20170825	0.7100566855	0.340	0.0	12.4	2.65	3.94	0.0	0.00	74.0	0.0	0.0	6.5	0.000	0.000	0.7100566855	0.708	0.003
20170826	0.6399395904	0.309	0.0	12.4	2.75	4.24	0.0	0.00	71.3	0.0	0.0	5.8	0.000	0.000	0.6399395904	0.638	0.002
20170827	0.5767464595	0.263	0.0	13.2	3.19	5.09	0.0	0.00	68.1	0.0	0.0	5.3	0.000	0.000	0.5767464595	0.575	0.002
20170828	0.5197935609	0.216	0.0	13.8	3.24	5.42	0.0	0.00	64.9	0.0	0.0	4.7	0.000	0.000	0.5197935609	0.518	0.002
20170829	0.4684646808	0.198	0.0	13.0	2.31	4.06	0.0	0.00	62.6	0.0	0.0	4.3	0.000	0.000	0.4684646808	0.467	0.002
20170830	0.4222044550	0.178	0.0	13.9	2.64	4.80	0.0	0.00	59.9	0.0	0.0	3.9	0.000	0.000	0.422204455	0.421	0.002
20170831	0.3805123612	0.172	0.0	11.5	1.72	3.27	0.0	0.00	58.2	0.0	0.0	3.5	0.000	0.000	0.3805123612	0.379	0.001
20170901	0.3429373028	0.174	0.0	7.7	3.00	5.87	0.0	0.00	55.2	0.0	0.0	3.1	0.000	0.000	0.3429373028	0.342	0.001
20170902	0.3090727284	0.145	0.0	10.0	2.71	5.60	0.0	0.00	52.5	0.0	0.0	2.8	0.000	0.000	0.3090727284	0.308	0.001
20170903	0.6410599111	1.340	32.0	10.2	1.71	2.92	0.0	0.00	79.1	3.7	0.0	5.8	0.000	0.0024112333	0.6386486779	0.640	0.001
20170904	0.6470225046	1.861	3.8	14.7	3.45	4.88	0.0	0.00	78.8	0.7	0.0	5.9	0.000	0.000	0.6470225046	0.646	0.001
20170905	0.9032997586	2.189	15.0	14.6	2.30	3.10	0.0	0.00	88.2	3.2	0.0	8.2	0.000	0.000	0.9032997586	0.902	0.001
20170906	0.9569681974	1.723	5.6	12.8	1.79	2.26	0.0	0.00	90.6	1.4	0.0	8.7	0.000	0.000	0.9569681974	0.956	0.001
20170907	1.0454608350	1.505	6.6	12.7	2.83	3.47	0.0	0.00	92.5	1.9	0.0	9.5	0.000	0.000	1.045460835	1.044	0.001
20170908	0.9698221995	1.122	1.0	11.4	2.47	3.03	0.0	0.00	90.8	0.3	0.0	8.9	0.000	0.000	0.9698221995	0.968	0.001
20170909	0.9135778636	0.983	1.5	11.4	3.66	4.57	0.0	0.00	88.2	0.4	0.0	8.3	0.000	0.000	0.9135778636	0.912	0.001
20170910	0.8548829080	0.746	1.3	11.8	2.77	3.57	0.0	0.00	86.4	0.3	0.0	7.8	0.000	0.000	0.854882908	0.854	0.001
20170911	0.7772882105	0.548	0.3	14.0	3.18	4.19	0.0	0.00	83.4	0.1	0.0	7.1	0.000	0.000	0.7772882105	0.776	0.001
20170912	0.7067162993	0.440	0.3	14.8	3.47	4.74	0.0	0.00	80.2	0.1	0.0	6.5	0.000	0.000	0.7067162993	0.706	0.001
20170913	0.6369290626	0.368	0.0	16.3	3.25	4.62	0.0	0.00	77.0	0.0	0.0	5.8	0.000	0.000	0.6369290626	0.636	0.001
20170914	0.5740332171	0.350	0.0	16.5	1.92	2.84	0.0	0.00	75.0	0.0	0.0	5.2	0.000	0.000	0.5740332171	0.573	0.001
20170915	0.5173482474	0.308	0.0	19.5	2.57	3.90	0.0	0.00	72.5	0.0	0.0	4.7	0.000	0.000	0.5173482474	0.517	0.001
20170916	0.4662608385	0.275	0.0	19.2	2.65	4.17	0.0	0.00	69.8	0.0	0.0	4.3	0.000	0.000	0.4662608385	0.466	0.001
20170917	0.4202182390	0.257	0.0	18.3	2.48	4.05	0.0	0.00	67.3	0.0	0.0	3.8	0.000	0.000	0.420218239	0.420	0.001
20170918	0.3787222813	0.236	0.0	19.6	1.48	2.50	0.0	0.00	65.9	0.0	0.0	3.5	0.000	0.000	0.3787222813	0.378	0.001
20170919	0.3413239908	0.217	0.0	18.2	0.95	1.65	0.0	0.00	64.9	0.0	0.0	3.1	0.000	0.000	0.3413239908	0.341	0.000
20170920	0.3076187286	0.201	0.0	18.3	2.32	4.07	0.0	0.00	62.6	0.0	0.0	2.8	0.000	0.000	0.3076187286	0.307	0.000
20170921	0.2799804936	0.166	0.3	17.6	2.73	4.97	0.0	0.00	60.1	0.0	0.0	2.6	0.000	0.000	0.2799804936	0.280	0.000
20170922	0.2523328152	0.131	0.0	16.6	2.18	4.13	0.0	0.00	58.0	0.0	0.0	2.3	0.000	0.000	0.2523328152	0.252	0.000
20170923	0.2274153059	0.125	0.0	17.7	1.84	3.62	0.0	0.00	56.1	0.0	0.0	2.1	0.000	0.000	0.2274153059	0.227	0.000
20170924	0.2049583656	0.118	0.0	21.6	2.03	4.12	0.0	0.00	54.1	0.0	0.0	1.9	0.000	0.000	0.2049583656	0.205	0.000
20170925	0.1847190164	0.119	0.0	22.5	2.17	4.57	0.0	0.00	51.9	0.0	0.0	1.7	0.000	0.000	0.1847190164	0.184	0.000
20170926	0.1664782743	0.147	0.0	22.2	1.79	3.92	0.0	0.00	50.1	0.0	0.0	1.5	0.000	0.000	0.1664782743	0.166	0.000
20170927	0.1600375892	0.121	2.0	22.1	1.70	3.79	0.0	0.00	50.3	0.1	0.0	1.5	0.000	0.000	0.1600375892	0.160	0.000
20170928	0.1517504844	0.141	1.5	13.0	1.99	4.44	0.0	0.00	49.8	0.1	0.0	1.4	0.000	0.000	0.1517504844	0.152	0.000
20170929	0.1367653383	0.133	0.0	8.1	1.84	4.22	0.0	0.00	47.9	0.0	0.0	1.2	0.000	0.000	0.1367653383	0.137	0.000
20170930	0.1245449084	0.147	0.3	6.8	0.78	1.84	0.0	0.00	47.4	0.0	0.0	1.1	0.000	0.000	0.1245449084	0.124	0.000
