Date	Qsim	Qobs	Precipitation	Temperature	AET	PET	Snow	Snowcover	SM	Recharge	SUZ	SLZ	Q0	Q1	Q2	Qsim_rain	Qsim_snow
20151001	1.6118954808	1.116	0.0	7.9	1.73	2.27	0.0	0.00	123.8	0.0	3.8	11.0	0.000	0.7332151524	0.8786803284	1.607	0.004
20151002	1.1521704482	0.592	0.0	5.9	1.26	1.68	0.0	0.00	122.6	0.0	0.5	13.2	0.000	0.100700728	1.0514697202	1.149	0.003
20151003	1.0128877519	0.452	0.0	6.2	1.42	1.91	0.0	0.00	121.1	0.0	0.0	12.7	0.000	0.000	1.0128877519	1.010	0.003
20151004	0.9381366358	0.376	0.0	6.4	1.39	1.90	0.0	0.00	119.7	0.0	0.0	11.8	0.000	0.000	0.9381366358	0.935	0.003
20151005	0.8689021521	0.340	0.0	7.3	1.67	2.30	0.0	0.00	118.1	0.0	0.0	10.9	0.000	0.000	0.8689021521	0.866	0.003
20151006	0.8072815228	0.319	0.1	8.6	1.98	2.77	0.0	0.00	116.2	0.0	0.0	10.1	0.000	0.000	0.8072815228	0.805	0.002
20151007	0.7477041464	0.314	0.0	10.8	1.44	2.04	0.0	0.00	114.7	0.0	0.0	9.4	0.000	0.000	0.7477041464	0.745	0.002
20151008	0.6925235804	0.308	0.0	7.1	1.25	1.80	0.0	0.00	113.5	0.0	0.0	8.7	0.000	0.000	0.6925235804	0.690	0.002
20151009	1.3151905929	1.196	17.1	7.1	0.86	1.19	0.0	0.00	123.8	5.9	2.3	11.0	0.000	0.4361392527	0.8790513402	1.312	0.003
20151010	0.9919052956	0.728	0.3	4.9	1.56	2.07	0.0	0.00	122.4	0.1	0.0	12.4	0.000	0.000	0.9919052956	0.989	0.002
20151011	0.9187026848	0.533	0.0	9.3	1.60	2.16	0.0	0.00	120.8	0.0	0.0	11.5	0.000	0.000	0.9187026848	0.916	0.002
20151012	0.8509024266	0.467	0.0	13.4	1.71	2.34	0.0	0.00	119.1	0.0	0.0	10.7	0.000	0.000	0.8509024266	0.849	0.002
20151013	0.9213580235	0.469	5.0	13.2	1.15	1.58	0.0	0.00	121.1	1.8	0.0	11.6	0.000	0.000	0.9213580235	0.919	0.002
20151014	0.9909983326	0.666	4.9	6.0	1.30	1.74	0.0	0.00	122.9	1.9	0.0	12.4	0.000	0.000	0.9909983326	0.989	0.002
20151015	0.9178626556	0.539	0.0	6.4	1.61	2.16	0.0	0.00	121.2	0.0	0.0	11.5	0.000	0.000	0.9178626556	0.916	0.002
20151016	0.9107816705	0.553	2.2	4.2	1.56	2.11	0.0	0.00	121.1	0.8	0.0	11.4	0.000	0.000	0.9107816705	0.909	0.002
20151017	1.0493795486	0.594	7.2	-0.6	1.72	2.30	0.0	0.00	123.8	2.8	0.0	13.2	0.000	0.000	1.0493795486	1.047	0.002
20151018	0.9719353379	0.564	0.8	-3.3	0.81	1.09	0.6	1.00	122.9	0.0	0.0	12.2	0.000	0.000	0.9719353379	0.970	0.002
20151019	0.9002065100	0.516	0.8	-2.3	0.00	2.01	1.2	1.00	122.9	0.0	0.0	11.3	0.000	0.000	0.90020651	0.898	0.002
20151020	0.8806331702	0.569	0.4	7.1	0.00	1.33	0.0	0.00	123.9	0.6	0.0	11.1	0.000	0.000	0.8806331702	0.878	0.002
20151021	0.8420030382	0.528	0.9	9.6	1.01	1.34	0.0	0.00	123.5	0.4	0.0	10.6	0.000	0.000	0.8420030382	0.840	0.002
20151022	0.8087970218	0.495	1.0	10.5	0.84	1.12	0.0	0.00	123.2	0.4	0.0	10.2	0.000	0.000	0.8087970218	0.806	0.003
20151023	0.7577345833	0.459	0.3	1.8	0.68	0.92	0.0	0.00	122.7	0.1	0.0	9.5	0.000	0.000	0.7577345833	0.755	0.002
20151024	0.7018137711	0.416	0.0	1.6	1.46	1.97	0.0	0.00	121.3	0.0	0.0	8.8	0.000	0.000	0.7018137711	0.700	0.002
20151025	0.7562556176	0.519	3.8	6.4	1.14	1.54	0.0	0.00	122.5	1.4	0.0	9.5	0.000	0.000	0.7562556176	0.753	0.003
20151026	0.7230023123	0.476	0.8	1.8	1.07	1.44	0.0	0.00	121.9	0.3	0.0	9.1	0.000	0.000	0.7230023123	0.720	0.003
20151027	0.6696447416	0.432	0.0	2.4	0.78	1.05	0.0	0.00	121.1	0.0	0.0	8.4	0.000	0.000	0.6696447416	0.667	0.003
20151028	1.5575190131	0.944	18.0	3.1	0.74	0.97	0.0	0.00	130.8	7.6	3.7	10.8	0.000	0.6996580534	0.8578609597	1.546	0.012
20151029	2.5123900701	3.926	16.9	10.5	1.41	1.72	0.0	0.00	137.5	8.8	7.8	13.0	0.000	1.4802032492	1.0321868209	2.493	0.019
20151030	2.0554725445	1.432	1.5	1.2	0.87	1.04	0.0	0.00	137.3	0.8	4.5	15.0	0.000	0.861825111	1.1936474335	2.040	0.016
20151031	1.5519253462	1.030	0.0	1.8	1.10	1.32	0.0	0.00	136.2	0.0	1.1	16.9	0.000	0.2087330933	1.3431922529	1.541	0.011
20151101	1.3606804223	0.931	0.9	5.2	0.70	0.84	0.0	0.00	135.9	0.5	0.0	17.1	0.000	0.000	1.3606804223	1.351	0.010
20151102	1.2799871436	0.828	0.5	5.7	1.24	1.50	0.0	0.00	134.9	0.3	0.0	16.1	0.000	0.000	1.2799871436	1.271	0.009
20151103	1.1893755235	0.793	0.1	8.2	0.85	1.05	0.0	0.00	134.1	0.1	0.0	14.9	0.000	0.000	1.1893755235	1.181	0.009
20151104	1.1015996099	0.746	0.0	7.5	1.02	1.26	0.0	0.00	133.1	0.0	0.0	13.8	0.000	0.000	1.1015996099	1.094	0.008
20151105	1.0203015587	0.736	0.0	11.9	1.22	1.51	0.0	0.00	131.9	0.0	0.0	12.8	0.000	0.000	1.0203015587	1.013	0.007
20151106	0.9485809749	0.721	0.1	14.4	1.28	1.60	0.0	0.00	130.6	0.0	0.0	11.9	0.000	0.000	0.9485809749	0.942	0.007
20151107	0.9343931275	0.692	1.6	6.7	1.22	1.53	0.0	0.00	130.3	0.8	0.0	11.7	0.000	0.000	0.9343931275	0.928	0.007
20151108	0.8860723009	0.691	0.6	1.1	1.31	1.66	0.0	0.00	129.3	0.3	0.0	11.1	0.000	0.000	0.8860723009	0.880	0.007
20151109	0.8206801651	0.660	0.0	3.9	0.75	0.95	0.0	0.00	128.5	0.0	0.0	10.3	0.000	0.000	0.8206801651	0.815	0.006
20151110	0.7601139689	0.636	0.0	5.1	1.05	1.35	0.0	0.00	127.5	0.0	0.0	9.5	0.000	0.000	0.7601139689	0.755	0.006
20151111	0.7200528607	0.642	0.5	6.2	0.73	0.94	0.0	0.00	127.0	0.2	0.0	9.0	0.000	0.000	0.7200528607	0.715	0.005
20151112	1.1062309217	0.860	9.8	5.4	1.02	1.30	0.0	0.00	131.3	4.5	1.1	11.4	0.000	0.2016819621	0.9045489596	1.098	0.008
20151113	1.6951361724	1.728	11.8	3.6	1.22	1.49	0.0	0.00	135.9	6.0	3.3	13.5	0.000	0.619706926	1.0754292464	1.683	0.012
20151114	1.2390523859	1.754	4.9	-1.4	1.29	1.56	3.8	1.00	134.6	0.0	0.0	15.5	0.000	0.0053538179	1.233698568	1.230	0.009
20151115	1.2707503506	1.139	0.2	0.3	0.00	1.24	0.7	1.00	136.1	1.7	0.0	15.9	0.000	0.000	1.2707503506	1.259	0.012
20151116	1.2454746978	1.105	1.0	0.3	0.00	0.98	0.0	0.00	136.9	0.9	0.0	15.6	0.000	0.000	1.2454746978	1.232	0.013
20151117	1.1535586651	0.978	0.0	-0.8	0.67	0.81	0.0	0.00	136.3	0.0	0.0	14.5	0.000	0.000	1.1535586651	1.141	0.012
20151118	1.0684260356	0.876	0.0	0.7	1.01	1.22	0.0	0.00	135.3	0.0	0.0	13.4	0.000	0.000	1.0684260356	1.057	0.011
20151119	1.2493375518	0.909	6.2	5.3	0.89	1.07	0.0	0.00	137.2	3.4	0.1	15.4	0.000	0.0221253576	1.2272121942	1.230	0.019
20151120	1.5805581682	2.448	7.7	2.6	0.58	0.69	0.0	0.00	139.9	4.4	1.1	17.2	0.000	0.206278234	1.3742799342	1.550	0.030
20151121	1.3527805769	1.382	0.0	-0.1	1.06	1.25	0.0	0.00	138.9	0.0	0.0	17.0	0.000	0.000	1.3527805769	1.328	0.025
20151122	1.2614038712	1.177	0.2	2.4	0.91	1.08	0.0	0.00	138.1	0.1	0.0	15.8	0.000	0.000	1.2614038712	1.238	0.023
20151123	1.1683122655	1.032	1.6	-5.1	0.79	0.94	1.2	1.00	137.3	0.0	0.0	14.7	0.000	0.000	1.1683122655	1.147	0.021
20151124	1.0820908203	0.903	0.0	-7.0	0.00	0.38	1.2	1.00	137.3	0.0	0.0	13.6	0.000	0.000	1.0820908203	1.062	0.020
20151125	1.0022325178	0.904	0.0	-3.3	0.00	0.52	1.2	1.00	137.3	0.0	0.0	12.6	0.000	0.000	1.0022325178	0.984	0.018
20151126	0.9785515494	0.903	0.0	1.1	0.00	0.48	0.0	0.00	137.8	0.7	0.0	12.3	0.000	0.000	0.9785515494	0.960	0.019
20151127	0.9434718167	0.918	0.9	5.7	1.00	1.19	0.0	0.00	137.2	0.5	0.0	11.8	0.000	0.000	0.9434718167	0.924	0.019
20151128	0.9227519128	1.010	1.2	0.3	0.88	1.05	0.0	0.00	136.9	0.7	0.0	11.6	0.000	0.000	0.9227519128	0.903	0.020
20151129	0.8546528217	0.903	0.6	-5.4	0.24	0.29	0.5	1.00	136.6	0.0	0.0	10.7	0.000	0.000	0.8546528217	0.837	0.018
20151130	0.7915794434	0.793	0.1	-6.7	0.00	0.22	0.5	1.00	136.6	0.0	0.0	9.9	0.000	0.000	0.7915794434	0.775	0.017
20151201	0.7331608805	0.886	8.2	-4.3	0.00	0.65	6.9	1.00	136.6	0.0	0.0	9.2	0.000	0.000	0.7331608805	0.718	0.015
20151202	2.9211559759	3.150	19.8	1.5	0.00	0.72	1.0	1.00	146.6	15.7	10.5	11.5	0.000	2.0044663684	0.9166896075	2.752	0.169
20151203	3.4216326804	2.823	9.4	1.1	0.00	1.31	0.0	0.00	149.7	7.3	12.3	13.6	0.000	2.3349587659	1.0866739145	3.214	0.207
20151204	3.0781119040	1.756	3.3	-0.6	1.05	1.15	0.0	0.00	149.5	2.4	9.6	15.6	0.000	1.8339985244	1.2441133796	2.893	0.185
20151205	2.5083267147	1.641	0.8	0.4	0.77	0.85	0.0	0.00	148.9	0.6	5.9	17.4	0.000	1.1183929025	1.3899338122	2.360	0.148
20151206	1.9492427349	1.519	0.0	-0.1	0.86	0.95	0.0	0.00	148.1	0.0	2.2	19.1	0.000	0.4242500381	1.5249926968	1.838	0.111
20151207	1.5768239131	1.415	0.0	-0.7	1.08	1.20	0.0	0.00	147.0	0.0	0.0	19.8	0.000	0.000	1.5768239131	1.490	0.087
20151208	1.4604543083	1.357	0.5	-2.1	0.37	0.41	0.4	1.00	146.6	0.0	0.0	18.3	0.000	0.000	1.4604543083	1.380	0.081
20151209	1.3720757838	1.346	0.0	0.4	0.00	0.68	0.0	0.00	146.7	0.3	0.0	17.2	0.000	0.000	1.3720757838	1.296	0.076
20151210	1.2708165910	1.485	0.0	4.2	0.66	0.74	0.0	0.00	146.1	0.0	0.0	15.9	0.000	0.000	1.270816591	1.200	0.070
20151211	1.1770303266	1.555	0.0	5.2	0.58	0.65	0.0	0.00	145.5	0.0	0.0	14.8	0.000	0.000	1.1770303266	1.112	0.065
20151212	1.1049155307	1.411	0.3	3.6	0.29	0.33	0.0	0.00	145.3	0.2	0.0	13.9	0.000	0.000	1.1049155307	1.043	0.061
20151213	1.0380611863	1.283	0.3	1.4	0.77	0.88	0.0	0.00	144.6	0.2	0.0	13.0	0.000	0.000	1.0380611863	0.980	0.058
20151214	1.0339908623	1.250	1.5	3.7	0.56	0.64	0.0	0.00	144.6	1.0	0.0	13.0	0.000	0.000	1.0339908623	0.975	0.059
20151215	1.8052501037	2.227	10.4	3.7	0.48	0.54	0.0	0.00	147.5	7.0	3.2	15.0	0.000	0.609931767	1.1953183367	1.696	0.110
20151216	1.3434219066	1.702	0.8	-1.5	0.85	0.95	0.6	1.00	146.6	0.0	0.0	16.9	0.000	0.000	1.3434219066	1.263	0.080
20151217	1.6243308155	1.604	5.3	2.1	0.00	0.60	0.0	0.00	148.4	4.1	0.7	18.6	0.000	0.1424174456	1.4819133699	1.525	0.099
20151218	1.5223986023	2.089	1.8	1.3	0.92	1.02	0.0	0.00	148.0	1.3	0.0	19.1	0.000	0.000	1.5223986023	1.429	0.093
20151219	1.4100455854	1.610	5.8	-4.2	0.74	0.82	4.5	1.00	147.3	0.0	0.0	17.7	0.000	0.000	1.4100455854	1.324	0.086
20151220	1.3059842212	1.473	0.5	-6.5	0.00	0.36	4.9	1.00	147.3	0.0	0.0	16.4	0.000	0.000	1.3059842212	1.226	0.080
20151221	1.2096025857	1.446	1.3	-3.4	0.00	0.58	5.9	1.00	147.3	0.0	0.0	15.2	0.000	0.000	1.2096025857	1.136	0.074
20151222	4.0064220341	4.738	20.6	2.7	0.00	0.24	0.0	0.00	154.0	19.8	13.9	17.0	0.000	2.6484521192	1.3579699149	3.680	0.327
20151223	4.2303287572	3.627	7.9	4.8	0.94	1.01	0.0	0.00	154.5	6.4	14.4	18.8	0.000	2.7349410221	1.4953877352	3.885	0.345
20151224	4.6014489439	5.496	9.1	7.1	0.98	1.04	0.0	0.00	155.2	7.5	15.6	20.4	0.000	2.9787848236	1.6226641203	4.230	0.371
20151225	3.7275267601	3.355	0.0	3.7	1.20	1.27	0.0	0.00	154.0	0.0	10.4	21.8	0.000	1.9869792519	1.7405475082	3.429	0.298
20151226	3.0035936737	2.822	0.0	-0.1	1.38	1.48	0.0	0.00	152.6	0.0	6.1	23.2	0.000	1.1538625716	1.8497311021	2.766	0.238
20151227	2.4049015069	4.305	11.7	-1.5	0.68	0.74	9.0	1.00	151.9	0.0	2.4	24.5	0.000	0.4540445601	1.9508569468	2.217	0.188
20151228	1.9828032689	3.357	1.8	-8.5	0.00	0.69	10.4	1.00	151.9	0.0	0.0	24.9	0.000	0.000	1.9828032689	1.830	0.153
20151229	1.8364723877	3.062	26.9	-8.4	0.00	0.26	31.1	1.00	151.9	0.0	0.0	23.0	0.000	0.000	1.8364723877	1.695	0.142
20151230	1.7009407255	2.735	3.3	-4.0	0.00	1.10	33.6	1.00	151.9	0.0	0.0	21.3	0.000	0.000	1.7009407255	1.569	0.131
20151231	1.5754112999	2.643	3.3	-1.4	0.00	0.60	36.2	1.00	151.9	0.0	0.0	19.8	0.000	0.000	1.5754112999	1.454	0.122
20160101	1.4591459460	2.500	2.8	-3.1	0.00	0.77	38.3	1.00	151.9	0.0	0.0	18.3	0.000	0.000	1.459145946	1.346	0.113
20160102	1.3514609752	2.339	0.8	-4.5	0.00	0.84	39.0	1.00	151.9	0.0	0.0	17.0	0.000	0.000	1.3514609752	1.247	0.104
20160103	1.2517231552	2.225	1.8	-5.0	0.00	0.53	40.3	1.00	151.9	0.0	0.0	15.7	0.000	0.000	1.2517231552	1.155	0.097
20160104	1.1593459864	2.115	1.0	-13.8	0.00	0.76	41.1	1.00	151.9	0.0	0.0	14.5	0.000	0.000	1.1593459864	1.070	0.090
20160105	1.0737862526	2.022	0.3	-17.5	0.00	1.25	41.3	1.00	151.9	0.0	0.0	13.5	0.000	0.000	1.0737862526	0.991	0.083
20160106	0.9945408271	1.919	0.0	-10.3	0.00	0.64	41.3	1.00	151.9	0.0	0.0	12.5	0.000	0.000	0.9945408271	0.918	0.077
20160107	0.9211437141	1.800	0.0	-5.6	0.00	0.70	41.3	1.00	151.9	0.0	0.0	11.6	0.000	0.000	0.9211437141	0.850	0.071
20160108	0.8531633080	1.753	0.0	-5.2	0.00	0.85	41.3	1.00	151.9	0.0	0.0	10.7	0.000	0.000	0.853163308	0.787	0.066
20160109	0.7901998559	1.727	0.0	-0.6	0.00	0.59	41.3	1.00	151.9	0.0	0.0	9.9	0.000	0.000	0.7901998559	0.729	0.061
20160110	5.2610368878	6.849	31.5	2.0	0.00	0.37	36.4	1.00	158.3	30.0	22.5	12.2	0.000	4.2915177813	0.9695191065	4.729	0.532
20160111	4.2252795327	5.554	1.8	-5.9	0.00	1.44	37.8	1.00	158.3	0.0	16.2	14.3	0.000	3.0896749363	1.1356045964	3.800	0.425
20160112	3.3695599237	3.136	0.3	-7.2	0.00	0.35	38.0	1.00	158.3	0.0	10.9	16.2	0.000	2.0801269465	1.2894329772	3.033	0.336
20160113	2.6640154585	2.619	3.3	-13.2	0.00	1.53	40.5	1.00	158.3	0.0	6.5	18.0	0.000	1.232106635	1.4319088235	2.400	0.264
20160114	2.0836395257	2.367	0.5	-13.2	0.00	0.87	40.9	1.00	158.3	0.0	2.7	19.6	0.000	0.5197695734	1.5638699523	1.880	0.204
20160115	1.6498410711	2.206	0.0	-9.7	0.00	0.73	40.9	1.00	158.3	0.0	0.0	20.7	0.000	0.000	1.6498410711	1.490	0.159
20160116	1.5280828000	2.124	4.6	-2.6	0.00	0.51	44.5	1.00	158.3	0.0	0.0	19.2	0.000	0.000	1.5280828	1.380	0.148
20160117	1.4153102894	2.016	0.3	-7.1	0.00	1.26	44.7	1.00	158.3	0.0	0.0	17.8	0.000	0.000	1.4153102894	1.279	0.137
20160118	1.3108603900	1.878	5.3	-11.7	0.00	0.40	48.8	1.00	158.3	0.0	0.0	16.5	0.000	0.000	1.31086039	1.184	0.127
20160119	1.2141188932	1.765	2.0	-15.4	0.00	0.67	50.3	1.00	158.3	0.0	0.0	15.2	0.000	0.000	1.2141188932	1.097	0.117
20160120	1.1245169189	1.637	1.3	-12.0	0.00	0.91	51.3	1.00	158.3	0.0	0.0	14.1	0.000	0.000	1.1245169189	1.016	0.109
20160121	1.0415275703	1.556	0.8	-13.8	0.00	0.90	51.9	1.00	158.3	0.0	0.0	13.1	0.000	0.000	1.0415275703	0.941	0.101
20160122	0.9646628356	1.458	0.0	-11.8	0.00	1.01	51.9	1.00	158.3	0.0	0.0	12.1	0.000	0.000	0.9646628356	0.871	0.093
20160123	0.8934707183	1.383	0.0	-11.0	0.00	1.07	51.9	1.00	158.3	0.0	0.0	11.2	0.000	0.000	0.8934707183	0.807	0.086
20160124	0.8275325793	1.268	0.0	-10.1	0.00	0.98	51.9	1.00	158.3	0.0	0.0	10.4	0.000	0.000	0.8275325793	0.748	0.080
20160125	0.7664606750	1.172	0.0	-6.0	0.00	1.19	51.9	1.00	158.3	0.0	0.0	9.6	0.000	0.000	0.766460675	0.692	0.074
20160126	0.7098958772	1.156	1.8	-1.8	0.00	0.78	53.3	1.00	158.3	0.0	0.0	8.9	0.000	0.000	0.7098958772	0.641	0.069
20160127	0.6575055614	1.149	0.8	-5.7	0.00	1.47	53.9	1.00	158.3	0.0	0.0	8.3	0.000	0.000	0.6575055614	0.594	0.064
20160128	0.6089816510	1.122	0.3	-6.9	0.00	1.33	54.2	1.00	158.3	0.0	0.0	7.6	0.000	0.000	0.608981651	0.550	0.059
20160129	0.5640388052	1.065	0.0	-3.2	0.00	1.00	54.2	1.00	158.3	0.0	0.0	7.1	0.000	0.000	0.5640388052	0.510	0.055
20160130	0.5224127413	1.028	0.0	-4.9	0.00	1.16	54.2	1.00	158.3	0.0	0.0	6.6	0.000	0.000	0.5224127413	0.472	0.050
20160131	0.4838586810	0.987	0.0	-0.2	0.00	0.95	54.2	1.00	158.3	0.0	0.0	6.1	0.000	0.000	0.483858681	0.437	0.047
20160201	0.8734190162	1.314	0.0	2.1	0.00	0.76	49.2	1.00	158.9	4.4	1.0	8.6	0.000	0.1876331058	0.6857859104	0.774	0.100
20160202	0.7078733570	1.256	0.0	-3.8	0.00	0.85	49.2	1.00	158.9	0.0	0.0	8.9	0.000	0.000	0.707873357	0.629	0.079
20160203	0.6556323033	1.980	11.4	-1.8	0.00	0.43	58.0	1.00	158.9	0.0	0.0	8.2	0.000	0.000	0.6556323033	0.583	0.073
20160204	1.0361242106	2.251	0.5	1.2	0.00	0.93	53.5	1.00	159.5	4.4	1.0	10.6	0.000	0.1912415713	0.8448826393	0.901	0.135
20160205	0.8566268473	1.600	0.3	-5.4	0.00	0.87	53.7	1.00	159.5	0.0	0.0	10.8	0.000	0.000	0.8566268473	0.748	0.109
20160206	0.7934077860	1.293	0.0	-5.5	0.00	0.98	53.7	1.00	159.5	0.0	0.0	10.0	0.000	0.000	0.793407786	0.693	0.101
20160207	0.7348542914	1.158	0.0	-3.7	0.00	0.48	53.7	1.00	159.5	0.0	0.0	9.2	0.000	0.000	0.7348542914	0.641	0.093
20160208	0.6806220447	1.029	1.5	-7.1	0.00	0.79	54.9	1.00	159.5	0.0	0.0	8.5	0.000	0.000	0.6806220447	0.594	0.087
20160209	0.6303921378	0.916	3.3	-6.8	0.00	0.50	57.4	1.00	159.5	0.0	0.0	7.9	0.000	0.000	0.6303921378	0.550	0.080
20160210	0.5838691980	0.894	1.0	-4.8	0.00	0.54	58.2	1.00	159.5	0.0	0.0	7.3	0.000	0.000	0.583869198	0.510	0.074
20160211	0.5407796512	0.871	1.0	-14.5	0.00	0.30	59.0	1.00	159.5	0.0	0.0	6.8	0.000	0.000	0.5407796512	0.472	0.069
20160212	0.5008701129	0.845	0.0	-16.6	0.00	0.35	59.0	1.00	159.5	0.0	0.0	6.3	0.000	0.000	0.5008701129	0.437	0.064
20160213	0.4639058986	0.838	1.3	-21.1	0.00	0.49	60.0	1.00	159.5	0.0	0.0	5.8	0.000	0.000	0.4639058986	0.405	0.059
20160214	0.4296696433	0.830	0.0	-25.3	0.00	0.67	60.0	1.00	159.5	0.0	0.0	5.4	0.000	0.000	0.4296696433	0.375	0.055
20160215	0.3979600236	0.823	0.0	-17.7	0.00	0.30	60.0	1.00	159.5	0.0	0.0	5.0	0.000	0.000	0.3979600236	0.347	0.051
20160216	0.3685905739	3.469	29.7	-1.9	0.00	0.39	82.8	1.00	159.5	0.0	0.0	4.6	0.000	0.000	0.3685905739	0.322	0.047
20160217	0.3413885895	3.215	0.0	-4.7	0.00	1.21	82.8	1.00	159.5	0.0	0.0	4.3	0.000	0.000	0.3413885895	0.298	0.043
20160218	0.3161941116	1.557	0.0	-10.4	0.00	1.16	82.8	1.00	159.5	0.0	0.0	4.0	0.000	0.000	0.3161941116	0.276	0.040
20160219	0.2928589862	1.329	4.8	-8.5	0.00	1.58	86.5	1.00	159.5	0.0	0.0	3.7	0.000	0.000	0.2928589862	0.256	0.037
20160220	0.5697398109	1.221	11.2	-0.5	0.00	0.87	93.7	1.00	159.9	3.6	0.3	6.4	0.000	0.0608578179	0.508881993	0.489	0.081
20160221	0.4949058635	1.322	2.3	-2.5	0.00	1.11	95.5	1.00	159.9	0.0	0.0	6.2	0.000	0.000	0.4949058635	0.425	0.070
20160222	0.4583818107	1.223	0.3	-10.1	0.00	1.45	95.7	1.00	159.9	0.0	0.0	5.8	0.000	0.000	0.4583818107	0.394	0.065
20160223	0.4245532331	1.108	0.0	-9.6	0.00	1.00	95.7	1.00	159.9	0.0	0.0	5.3	0.000	0.000	0.4245532331	0.365	0.060
20160224	0.3932212045	2.554	32.5	-1.9	0.00	0.34	120.8	1.00	159.9	0.0	0.0	4.9	0.000	0.000	0.3932212045	0.338	0.056
20160225	4.5649900017	13.910	28.7	1.6	0.00	0.41	119.2	1.00	162.1	28.0	20.8	7.6	0.000	3.9631525221	0.6018374796	3.851	0.714
20160226	3.6089059922	5.036	1.0	-9.5	0.00	1.30	120.0	1.00	162.1	0.0	14.8	10.0	0.000	2.8138481186	0.7950578736	3.045	0.564
20160227	2.8224510221	3.619	0.0	-8.6	0.00	1.37	120.0	1.00	162.1	0.0	9.7	12.2	0.000	1.8484324196	0.9740186025	2.383	0.440
20160228	2.9568712084	3.085	1.0	1.4	0.00	1.26	115.8	1.00	162.4	4.9	9.5	14.3	0.000	1.8170991788	1.1397720297	2.489	0.468
20160229	4.1247241647	3.157	4.8	1.7	0.00	1.26	108.7	1.00	162.9	11.4	14.9	16.2	0.000	2.8314313108	1.2932928539	3.418	0.707
20160301	3.2986861424	2.891	0.3	-7.6	0.00	0.66	109.0	1.00	162.9	0.0	9.8	18.0	0.000	1.8632023011	1.4354838413	2.736	0.562
20160302	2.6170710667	2.560	13.7	-7.6	0.00	0.59	119.5	1.00	162.9	0.0	5.5	19.7	0.000	1.0498899329	1.5671811338	2.174	0.443
20160303	2.0558667098	2.368	0.3	-14.5	0.00	0.69	119.7	1.00	162.9	0.0	1.9	21.2	0.000	0.3667075437	1.6891591661	1.711	0.345
20160304	1.7065800574	2.204	0.0	-13.0	0.00	0.48	119.7	1.00	162.9	0.0	0.0	21.4	0.000	0.000	1.7065800574	1.422	0.285
20160305	1.5806344492	1.984	0.0	-10.4	0.00	0.90	119.7	1.00	162.9	0.0	0.0	19.8	0.000	0.000	1.5806344492	1.317	0.264
20160306	1.4639836268	1.821	0.0	-5.6	0.00	0.94	119.7	1.00	162.9	0.0	0.0	18.4	0.000	0.000	1.4639836268	1.220	0.244
20160307	1.3559416352	1.791	2.8	-3.1	0.00	0.21	121.9	1.00	162.9	0.0	0.0	17.0	0.000	0.000	1.3559416352	1.130	0.226
20160308	1.4317770601	1.792	0.0	3.1	0.00	1.15	119.4	1.00	163.0	2.4	0.0	18.0	0.000	0.000	1.4317770601	1.187	0.245
20160309	5.0491274020	3.496	0.0	8.8	0.00	1.18	93.6	1.00	163.8	25.0	18.3	19.6	0.000	3.4853794889	1.5637479131	3.686	1.363
20160310	8.6647808458	9.592	15.5	4.1	0.00	0.54	80.1	1.00	164.3	28.5	36.6	21.2	0.000	6.9788015287	1.6859793171	6.014	2.651
20160311	7.4889880139	8.586	1.5	-0.8	0.00	0.70	79.4	1.00	164.4	2.1	29.9	22.6	0.000	5.6897979704	1.7991900435	5.204	2.285
20160312	7.9795321086	6.622	0.0	3.3	0.00	1.08	68.0	1.00	164.5	11.3	31.9	23.9	0.000	6.0754862903	1.9040458183	5.440	2.539
20160313	8.0710240352	6.679	0.0	2.5	0.00	1.41	58.6	1.00	164.6	9.3	31.9	25.1	0.000	6.0698607983	2.0011632369	5.398	2.673
20160314	6.6745964606	5.417	4.8	-1.4	0.00	0.45	62.3	1.00	164.6	0.0	24.1	26.2	0.000	4.5834830705	2.09111339	4.484	2.190
20160315	7.4692390482	5.389	1.3	3.3	0.00	0.27	51.3	1.00	164.7	12.2	27.8	27.3	0.000	5.2948138263	2.1744252218	4.828	2.641
20160316	10.4783202352	7.689	5.8	7.0	0.00	1.05	30.1	1.00	164.8	26.8	43.2	28.3	0.000	8.2267315947	2.2515886405	6.232	4.246
20160317	11.7369578073	8.940	1.3	5.7	0.00	0.99	12.5	1.00	164.9	18.9	49.4	29.2	0.000	9.4139004085	2.3230573988	6.638	5.099
20160318	9.7817281059	6.288	1.8	-2.7	0.00	0.98	13.8	1.00	164.9	0.0	38.8	30.0	0.000	7.3924763432	2.3892517628	5.565	4.217
20160319	8.1450411109	5.130	0.5	-6.2	0.00	1.17	14.2	1.00	164.9	0.0	29.9	30.8	0.000	5.6944801283	2.4505609827	4.664	3.481
20160320	6.7755088899	4.577	0.0	-4.3	0.00	1.31	14.2	1.00	164.9	0.0	22.4	31.5	0.000	4.2681633077	2.5073455822	3.909	2.867
20160321	5.6299966567	4.244	0.0	-1.1	0.00	1.21	14.2	1.00	164.9	0.0	16.1	32.1	0.000	3.0700571785	2.5599394782	3.274	2.356
20160322	4.6722999746	3.701	0.0	-2.4	0.00	1.13	14.2	1.00	164.9	0.0	10.8	32.7	0.000	2.0636480299	2.6086519447	2.742	1.930
20160323	4.3268724911	3.568	1.5	0.0	0.00	0.99	12.9	1.00	164.9	2.8	8.8	33.3	0.000	1.6731030599	2.6537694312	2.512	1.814
20160324	3.5857638175	3.266	4.1	-3.1	0.00	0.38	16.0	1.00	164.9	0.0	4.7	33.8	0.000	0.8902065703	2.6955572472	2.107	1.479
20160325	4.1802096827	3.635	5.8	-0.2	0.00	0.43	14.2	1.00	164.9	7.6	7.6	34.3	0.000	1.4459485604	2.7342611223	2.353	1.827
20160326	4.4161153778	3.523	0.0	1.2	0.00	1.24	8.3	1.00	164.9	5.9	8.6	34.8	0.000	1.6460067263	2.7701086515	2.425	1.991
20160327	4.9983518907	3.342	0.0	4.4	0.00	0.50	0.0	0.00	164.9	8.3	11.5	35.2	0.000	2.1950412577	2.803310633	2.638	2.361
20160328	6.3515657326	4.481	13.7	1.4	0.26	0.26	0.0	0.00	164.7	13.7	18.5	35.6	0.000	3.5175034243	2.8340623083	3.288	3.064
20160329	5.3020473863	4.507	4.1	-2.0	0.93	0.93	3.2	1.00	163.7	0.0	12.8	35.9	0.000	2.4395028764	2.8625445099	2.769	2.533
20160330	4.9159958630	3.464	0.0	1.4	0.00	1.91	0.0	0.00	163.8	3.1	10.6	36.3	0.000	2.0270711379	2.8889247251	2.568	2.348
20160331	4.1008978362	3.409	0.0	7.2	1.39	1.40	0.0	0.00	162.4	0.0	6.2	36.6	0.000	1.1875397558	2.9133580804	2.163	1.938
20160401	6.7640819435	7.248	21.8	7.6	0.59	0.60	0.0	0.00	162.7	20.9	20.1	36.8	0.000	3.8280936894	2.9359882541	3.612	3.152
20160402	6.0094500577	5.250	2.3	2.7	0.73	0.74	0.0	0.00	162.1	2.2	16.0	37.1	0.000	3.0525017368	2.9569483209	3.218	2.791
20160403	5.0252629937	4.035	1.3	-6.6	1.18	1.20	1.0	1.00	160.9	0.0	10.8	37.4	0.000	2.0489014589	2.9763615348	2.696	2.329
20160404	4.2002192790	3.379	0.0	-8.6	0.00	0.39	1.0	1.00	160.9	0.0	6.3	37.6	0.000	1.2058772255	2.9943420536	2.258	1.942
20160405	3.5087324794	3.052	0.0	-7.8	0.00	0.79	1.0	1.00	160.9	0.0	2.6	37.8	0.000	0.4977368694	3.01099561	1.891	1.618
20160406	2.9816322840	2.841	3.8	-3.6	0.00	0.60	3.9	1.00	160.9	0.0	0.0	37.4	0.000	0.000	2.981632284	1.610	1.372
20160407	5.3125216944	4.811	15.0	2.8	0.00	0.22	0.0	0.00	162.2	17.7	12.1	37.6	0.000	2.3132978729	2.9992238215	2.948	2.364
20160408	4.4434873167	5.221	8.4	-1.8	0.74	0.75	6.5	1.00	161.4	0.0	7.5	37.8	0.000	1.4279702133	3.0155171034	2.458	1.985
20160409	3.7149029204	3.752	0.5	-3.8	0.00	1.57	6.9	1.00	161.4	0.0	3.6	38.0	0.000	0.6842949792	3.0306079412	2.048	1.667
20160410	3.1041928576	3.241	0.5	-4.4	0.00	1.86	7.2	1.00	161.4	0.0	0.3	38.2	0.000	0.0596077825	3.0445850752	1.705	1.400
20160411	4.0194076276	3.349	7.6	-0.1	0.00	1.22	5.3	1.00	162.0	8.9	5.0	38.4	0.000	0.961876931	3.0575306966	2.245	1.775
20160412	6.2586563617	6.278	13.7	2.4	0.00	0.54	0.0	0.00	162.9	18.1	16.7	38.5	0.000	3.1891354305	3.0695209312	3.599	2.660
20160413	5.2903989556	3.992	0.3	1.8	1.55	1.57	0.0	0.00	161.4	0.3	11.6	38.7	0.000	2.2097726691	3.0806262865	3.032	2.258
20160414	4.4319211086	3.437	0.0	3.2	1.91	1.95	0.0	0.00	159.5	0.0	7.0	38.8	0.000	1.3410090421	3.0909120665	2.530	1.902
20160415	3.7116863513	3.153	0.0	5.3	2.03	2.10	0.0	0.00	157.5	0.0	3.2	38.9	0.000	0.6112475953	3.100438756	2.110	1.602
20160416	3.1084542566	2.927	0.0	7.0	2.29	2.40	0.0	0.00	155.2	0.0	0.0	39.0	0.000	0.000	3.1084542566	1.758	1.350
20160417	2.8790503325	2.740	0.0	10.8	2.42	2.57	0.0	0.00	152.8	0.0	0.0	36.1	0.000	0.000	2.8790503325	1.628	1.251
20160418	2.8749789400	2.715	3.6	10.4	2.11	2.28	0.0	0.00	151.4	2.8	0.0	36.1	0.000	0.000	2.87497894	1.635	1.240
20160419	3.6504052663	4.629	10.2	6.7	1.24	1.35	0.0	0.00	152.5	7.9	3.9	36.4	0.000	0.749963772	2.9004414942	2.139	1.511
20160420	3.0387944805	3.092	0.0	5.4	1.69	1.83	0.0	0.00	150.8	0.0	0.6	36.7	0.000	0.1147695685	2.924024912	1.765	1.274
20160421	2.7526993428	2.674	0.0	10.2	1.61	1.76	0.0	0.00	149.2	0.0	0.0	34.5	0.000	0.000	2.7526993428	1.595	1.157
20160422	2.6296264682	2.642	1.5	14.9	1.14	1.26	0.0	0.00	148.4	1.1	0.0	33.0	0.000	0.000	2.6296264682	1.529	1.101
20160423	2.4617825724	2.532	0.5	4.9	2.03	2.25	0.0	0.00	146.6	0.4	0.0	30.9	0.000	0.000	2.4617825724	1.433	1.029
20160424	2.2801030186	2.301	0.0	3.5	2.06	2.32	0.0	0.00	144.5	0.0	0.0	28.6	0.000	0.000	2.2801030186	1.327	0.953
20160425	2.1118314158	2.157	0.0	3.5	1.28	1.46	0.0	0.00	143.2	0.0	0.0	26.5	0.000	0.000	2.1118314158	1.229	0.883
20160426	2.5225877560	2.213	8.1	0.2	0.29	0.33	0.0	0.00	145.8	5.3	1.7	27.5	0.000	0.3289734987	2.1936142573	1.511	1.012
20160427	2.1839054904	2.759	0.5	1.0	1.23	1.39	0.0	0.00	144.7	0.3	0.0	27.4	0.000	0.000	2.1839054904	1.299	0.885
20160428	2.0227332652	2.361	0.0	1.1	1.99	2.27	0.0	0.00	142.7	0.0	0.0	25.4	0.000	0.000	2.0227332652	1.203	0.820
20160429	1.8734555502	2.071	0.0	4.6	1.95	2.26	0.0	0.00	140.7	0.0	0.0	23.5	0.000	0.000	1.8734555502	1.114	0.759
20160430	1.7351945306	1.902	0.0	7.3	1.78	2.08	0.0	0.00	139.0	0.0	0.0	21.8	0.000	0.000	1.7351945306	1.032	0.703
20160501	1.9334322124	2.001	6.4	6.4	0.69	0.81	0.0	0.00	140.9	3.8	0.5	23.2	0.000	0.0886590382	1.8447731742	1.176	0.758
20160502	3.0364037658	3.685	15.0	4.2	0.40	0.46	0.0	0.00	145.9	9.6	5.7	24.4	0.000	1.0901388518	1.946264914	1.968	1.069
20160503	2.4730727932	2.943	0.3	5.1	1.21	1.36	0.0	0.00	144.8	0.2	2.3	25.6	0.000	0.4328062299	2.0402665633	1.584	0.889
20160504	2.0573856647	2.463	0.0	5.2	1.44	1.64	0.0	0.00	143.4	0.0	0.0	25.8	0.000	0.000	2.0573856647	1.303	0.754
20160505	1.9055506027	2.270	0.0	8.3	0.81	0.94	0.0	0.00	142.6	0.0	0.0	23.9	0.000	0.000	1.9055506027	1.207	0.699
20160506	1.7649209682	1.994	0.0	12.7	1.44	1.66	0.0	0.00	141.1	0.0	0.0	22.1	0.000	0.000	1.7649209682	1.118	0.647
20160507	1.6346698007	1.875	0.0	13.0	0.98	1.15	0.0	0.00	140.2	0.0	0.0	20.5	0.000	0.000	1.6346698007	1.035	0.599
20160508	3.2434452739	3.494	19.6	4.1	0.71	0.82	0.0	0.00	146.5	12.5	7.8	22.0	0.000	1.4917781045	1.7516671694	2.241	1.002
20160509	2.6524111123	2.563	0.5	2.3	1.40	1.58	0.0	0.00	145.3	0.3	4.2	23.3	0.000	0.79238098	1.8600301323	1.815	0.837
20160510	2.1107959317	2.120	0.0	6.9	2.41	2.74	0.0	0.00	142.8	0.0	0.8	24.6	0.000	0.1504000232	1.9603959086	1.425	0.686
20160511	1.8739911795	1.923	0.0	9.7	2.61	3.02	0.0	0.00	140.2	0.0	0.0	23.5	0.000	0.000	1.8739911795	1.259	0.614
20160512	1.7356906304	1.807	0.0	14.9	2.75	3.24	0.0	0.00	137.5	0.0	0.0	21.8	0.000	0.000	1.7356906304	1.167	0.569
20160513	2.4256789598	2.636	11.7	14.3	1.35	1.60	0.0	0.00	141.0	6.8	3.0	23.2	0.000	0.5804462979	1.8452326619	1.704	0.721
20160514	2.9100903275	2.615	9.9	13.1	1.58	1.83	0.0	0.00	143.1	6.2	5.1	24.4	0.000	0.9633998361	1.9466904915	2.097	0.813
20160515	3.5900290992	4.502	11.9	4.6	0.84	0.95	0.0	0.00	146.3	7.8	8.1	25.6	0.000	1.549368366	2.0406607332	2.658	0.932
20160516	3.3862500911	3.117	4.3	1.0	1.95	2.19	0.0	0.00	145.7	3.0	6.6	26.7	0.000	1.25855412	2.1276959711	2.516	0.870
20160517	2.7502934692	2.596	0.0	6.2	3.04	3.44	0.0	0.00	142.7	0.0	2.8	27.7	0.000	0.5419854608	2.2083080084	2.025	0.725
20160518	2.2553271442	2.360	0.0	8.0	3.47	4.01	0.0	0.00	139.2	0.0	0.0	28.3	0.000	0.000	2.2553271442	1.645	0.611
20160519	2.2663274352	2.355	4.1	11.3	2.03	2.39	0.0	0.00	138.9	2.4	0.0	28.4	0.000	0.000	2.2663274352	1.667	0.600
20160520	2.1117620393	2.305	0.3	12.5	2.85	3.39	0.0	0.00	136.2	0.2	0.0	26.5	0.000	0.000	2.1117620393	1.554	0.558
20160521	1.9559140008	2.031	0.0	14.4	2.36	2.86	0.0	0.00	133.8	0.0	0.0	24.5	0.000	0.000	1.9559140008	1.439	0.517
20160522	1.9956449103	1.966	4.8	15.5	1.15	1.40	0.0	0.00	135.0	2.5	0.0	25.0	0.000	0.000	1.9956449103	1.483	0.513
20160523	1.8483663159	1.738	0.0	12.0	2.72	3.32	0.0	0.00	132.2	0.0	0.0	23.2	0.000	0.000	1.8483663159	1.373	0.475
20160524	1.7408396765	1.604	0.8	16.3	1.40	1.74	0.0	0.00	131.2	0.4	0.0	21.8	0.000	0.000	1.7408396765	1.296	0.445
20160525	1.6229373254	1.513	0.3	17.8	1.78	2.24	0.0	0.00	129.6	0.1	0.0	20.4	0.000	0.000	1.6229373254	1.209	0.414
20160526	1.5031645508	1.334	0.0	17.9	2.14	2.73	0.0	0.00	127.5	0.0	0.0	18.9	0.000	0.000	1.5031645508	1.119	0.384
20160527	1.4998828267	1.211	3.3	21.3	2.12	2.72	0.0	0.00	127.2	1.5	0.0	18.8	0.000	0.000	1.4998828267	1.125	0.375
20160528	1.3891914741	1.060	0.0	22.8	2.72	3.53	0.0	0.00	124.5	0.0	0.0	17.4	0.000	0.000	1.3891914741	1.042	0.347
20160529	1.3163753619	0.969	1.0	21.1	0.99	1.31	0.0	0.00	124.1	0.4	0.0	16.5	0.000	0.000	1.3163753619	0.990	0.327
20160530	1.3027653544	1.100	2.8	19.6	1.27	1.68	0.0	0.00	124.5	1.1	0.0	16.3	0.000	0.000	1.3027653544	0.985	0.317
20160531	1.2514200120	0.970	1.5	18.1	2.28	3.02	0.0	0.00	123.1	0.6	0.0	15.7	0.000	0.000	1.251420012	0.950	0.302
20160601	1.1590652151	0.807	0.0	16.9	3.71	4.97	0.0	0.00	119.4	0.0	0.0	14.5	0.000	0.000	1.1590652151	0.880	0.279
20160602	1.0735262022	0.697	0.0	17.8	2.96	4.09	0.0	0.00	116.4	0.0	0.0	13.5	0.000	0.000	1.0735262022	0.815	0.259
20160603	1.0182362161	0.686	1.0	18.2	2.31	3.26	0.0	0.00	114.8	0.3	0.0	12.8	0.000	0.000	1.0182362161	0.774	0.244
20160604	0.9430903834	0.582	0.0	17.8	2.65	3.81	0.0	0.00	112.2	0.0	0.0	11.8	0.000	0.000	0.9430903834	0.717	0.226
20160605	4.7710488767	6.100	56.9	14.7	0.60	0.78	0.0	0.00	142.4	26.1	19.2	13.9	0.000	3.6599225636	1.1111263131	4.120	0.651
20160606	3.9252292898	3.323	1.0	15.8	2.52	2.92	0.0	0.00	140.2	0.6	14.0	15.9	0.000	2.6584680986	1.2667611912	3.378	0.547
20160607	3.1761188683	1.761	0.5	15.3	3.44	4.05	0.0	0.00	137.0	0.3	9.3	17.7	0.000	1.7652086531	1.4109102152	2.722	0.455
20160608	2.6263106420	1.497	1.3	9.7	4.61	5.54	0.0	0.00	133.0	0.7	5.7	19.4	0.000	1.0818896006	1.5444210414	2.241	0.385
20160609	2.3283358325	1.494	3.3	6.3	2.48	3.05	0.0	0.00	132.1	1.7	3.5	20.9	0.000	0.660257064	1.6680787685	1.985	0.344
20160610	1.8454377643	1.334	0.3	9.3	3.74	4.67	0.0	0.00	128.5	0.1	0.3	22.4	0.000	0.0628272089	1.7826105554	1.562	0.284
20160611	1.7017403702	1.261	0.8	9.1	2.96	3.80	0.0	0.00	126.0	0.4	0.0	21.4	0.000	0.000	1.7017403702	1.440	0.262
20160612	1.6638447917	1.317	2.8	9.7	3.74	4.86	0.0	0.00	123.9	1.2	0.0	20.9	0.000	0.000	1.6638447917	1.412	0.252
20160613	1.9718902325	2.320	10.4	10.4	3.60	4.68	0.0	0.00	126.2	4.4	1.0	22.3	0.000	0.1932011865	1.778689046	1.697	0.275
20160614	1.7222775941	1.758	0.0	12.6	4.83	6.32	0.0	0.00	121.4	0.0	0.0	21.6	0.000	0.000	1.7222775941	1.478	0.244
20160615	1.6033944135	1.105	0.3	15.9	4.39	5.96	0.0	0.00	117.2	0.1	0.0	20.1	0.000	0.000	1.6033944135	1.376	0.227
20160616	1.4850639057	0.865	0.0	16.6	2.64	3.72	0.0	0.00	114.6	0.0	0.0	18.6	0.000	0.000	1.4850639057	1.275	0.210
20160617	1.3754661895	0.704	0.0	16.2	3.66	5.27	0.0	0.00	110.9	0.0	0.0	17.3	0.000	0.000	1.3754661895	1.181	0.195
20160618	1.2739567847	0.610	0.0	17.3	3.11	4.63	0.0	0.00	107.8	0.0	0.0	16.0	0.000	0.000	1.2739567847	1.093	0.181
20160619	1.1799387740	0.522	0.0	19.1	2.98	4.57	0.0	0.00	104.8	0.0	0.0	14.8	0.000	0.000	1.179938774	1.013	0.167
20160620	1.0928592925	0.444	0.0	21.6	3.55	5.59	0.0	0.00	101.3	0.0	0.0	13.7	0.000	0.000	1.0928592925	0.938	0.155
20160621	1.0689847771	0.435	3.6	15.9	3.09	4.97	0.0	0.00	101.0	0.8	0.0	13.4	0.000	0.000	1.0689847771	0.920	0.149
20160622	1.1630825148	0.963	10.2	12.2	2.26	3.56	0.0	0.00	106.6	2.3	0.0	14.6	0.000	0.000	1.1630825148	1.011	0.152
20160623	1.0862458902	0.691	0.5	14.6	2.73	4.22	0.0	0.00	104.2	0.1	0.0	13.6	0.000	0.000	1.0862458902	0.944	0.142
20160624	1.0111049528	0.455	0.3	15.6	3.12	4.93	0.0	0.00	101.4	0.1	0.0	12.7	0.000	0.000	1.0111049528	0.879	0.132
20160625	0.9364854073	0.358	0.0	17.6	3.45	5.62	0.0	0.00	97.9	0.0	0.0	11.8	0.000	0.000	0.9364854073	0.814	0.122
20160626	0.8673727842	0.298	0.0	20.3	3.23	5.45	0.0	0.00	94.7	0.0	0.0	10.9	0.000	0.000	0.8673727842	0.754	0.113
20160627	0.8033606727	0.269	0.0	19.1	2.03	3.55	0.0	0.00	92.6	0.0	0.0	10.1	0.000	0.000	0.8033606727	0.699	0.105
20160628	3.1112829673	3.820	54.6	20.2	2.49	3.68	0.0	0.00	128.2	16.5	11.2	12.3	0.000	2.1295743122	0.9817086551	2.889	0.223
20160629	2.9066888795	2.979	6.6	17.6	2.21	2.80	0.0	0.00	129.6	3.0	9.2	14.4	0.000	1.7597943231	1.1468945563	2.700	0.206
20160630	2.2849049209	1.099	0.3	17.5	3.36	4.28	0.0	0.00	126.4	0.1	5.2	16.3	0.000	0.9850151828	1.2998897381	2.115	0.170
20160701	2.7910026642	1.314	14.0	17.4	3.06	3.87	0.0	0.00	130.8	6.5	7.1	18.1	0.000	1.3494087888	1.4415938754	2.605	0.186
20160702	2.2897518948	1.384	1.3	12.2	4.53	5.70	0.0	0.00	127.0	0.6	3.8	19.7	0.000	0.7169116474	1.5728402474	2.132	0.158
20160703	1.7814064209	0.835	0.0	14.7	5.83	7.57	0.0	0.00	121.2	0.0	0.5	21.3	0.000	0.0870057838	1.6944006371	1.651	0.130
20160704	1.6030642611	0.568	0.0	18.0	5.36	7.29	0.0	0.00	115.8	0.0	0.0	20.1	0.000	0.000	1.6030642611	1.485	0.118
20160705	1.4847581186	0.459	0.0	19.2	5.26	7.50	0.0	0.00	110.5	0.0	0.0	18.6	0.000	0.000	1.4847581186	1.375	0.109
20160706	1.3751829694	0.367	0.0	20.8	4.54	6.78	0.0	0.00	106.0	0.0	0.0	17.3	0.000	0.000	1.3751829694	1.274	0.101
20160707	1.3721653453	0.558	5.3	21.9	3.01	4.60	0.0	0.00	107.0	1.3	0.0	17.2	0.000	0.000	1.3721653453	1.274	0.098
20160708	1.2708995428	0.531	0.0	18.5	2.48	3.83	0.0	0.00	104.5	0.0	0.0	15.9	0.000	0.000	1.2708995428	1.180	0.091
20160709	1.7949171330	1.310	19.8	14.5	2.68	3.97	0.0	0.00	116.0	5.6	2.0	17.8	0.000	0.3801739765	1.4147431565	1.689	0.106
20160710	1.6519197660	1.557	5.6	13.9	2.79	3.90	0.0	0.00	116.9	1.9	0.5	19.4	0.000	0.1039486545	1.5479711116	1.554	0.098
20160711	1.5106340788	0.989	1.5	16.3	3.85	5.42	0.0	0.00	114.1	0.5	0.0	19.0	0.000	0.000	1.5106340788	1.421	0.090
20160712	1.3991492838	0.587	0.0	18.2	4.56	6.59	0.0	0.00	109.5	0.0	0.0	17.6	0.000	0.000	1.3991492838	1.316	0.083
20160713	1.2958920666	0.423	0.0	20.7	2.72	4.10	0.0	0.00	106.8	0.0	0.0	16.3	0.000	0.000	1.2958920666	1.219	0.077
20160714	1.5415492781	1.181	13.7	21.2	1.15	1.69	0.0	0.00	115.5	3.9	0.5	18.0	0.000	0.103658046	1.4378912321	1.460	0.082
20160715	1.4142625676	0.906	1.8	20.1	3.49	4.96	0.0	0.00	113.2	0.6	0.0	17.7	0.000	0.000	1.4142625676	1.339	0.075
20160716	1.3164508972	0.570	0.3	18.0	4.20	6.11	0.0	0.00	109.2	0.1	0.0	16.5	0.000	0.000	1.3164508972	1.247	0.070
20160717	1.2192968209	0.428	0.0	19.4	3.10	4.68	0.0	0.00	106.1	0.0	0.0	15.3	0.000	0.000	1.2192968209	1.155	0.065
20160718	1.2810188946	0.633	7.9	19.4	3.47	5.25	0.0	0.00	108.5	2.1	0.0	16.1	0.000	0.000	1.2810188946	1.217	0.064
20160719	1.1921998672	0.613	0.3	13.6	4.10	6.23	0.0	0.00	104.6	0.1	0.0	15.0	0.000	0.000	1.1921998672	1.133	0.059
20160720	1.1093008316	0.380	0.3	14.8	3.84	6.04	0.0	0.00	101.0	0.1	0.0	13.9	0.000	0.000	1.1093008316	1.054	0.055
20160721	1.0274344302	0.275	0.0	17.9	4.36	7.11	0.0	0.00	96.7	0.0	0.0	12.9	0.000	0.000	1.0274344302	0.976	0.051
20160722	1.5736525298	0.601	23.6	21.6	3.66	5.71	0.0	0.00	111.0	5.6	2.0	14.9	0.000	0.3844067606	1.1892457693	1.513	0.061
20160723	2.6827996612	4.040	26.9	18.9	3.95	5.45	0.0	0.00	124.3	9.6	7.1	16.8	0.000	1.3436842297	1.3391154315	2.605	0.078
20160724	2.1106690074	1.577	0.3	17.2	3.32	4.41	0.0	0.00	121.2	0.1	3.3	18.5	0.000	0.6327442948	1.4779247126	2.046	0.065
20160725	1.6227950765	0.897	0.0	18.4	3.23	4.39	0.0	0.00	118.0	0.0	0.1	20.2	0.000	0.0163052076	1.6064898688	1.569	0.054
20160726	1.5017399539	0.690	0.3	19.1	4.11	5.75	0.0	0.00	114.1	0.1	0.0	18.8	0.000	0.000	1.5017399539	1.452	0.050
20160727	1.3976294424	0.491	0.3	20.4	3.37	4.87	0.0	0.00	110.9	0.1	0.0	17.5	0.000	0.000	1.3976294424	1.351	0.047
20160728	1.2944843895	0.399	0.0	20.5	4.38	6.51	0.0	0.00	106.5	0.0	0.0	16.2	0.000	0.000	1.2944843895	1.251	0.043
20160729	1.1989514416	0.343	0.0	18.9	3.26	5.05	0.0	0.00	103.3	0.0	0.0	15.0	0.000	0.000	1.1989514416	1.159	0.040
20160730	1.1104688252	0.270	0.0	16.7	4.55	7.27	0.0	0.00	98.7	0.0	0.0	13.9	0.000	0.000	1.1104688252	1.073	0.037
20160731	1.0285162259	0.238	0.0	16.6	1.87	3.12	0.0	0.00	96.8	0.0	0.0	12.9	0.000	0.000	1.0285162259	0.994	0.034
20160801	1.9409763760	2.084	30.5	14.8	2.62	4.00	0.0	0.00	116.8	7.9	3.9	14.9	0.000	0.7507286476	1.1902477284	1.896	0.045
20160802	1.4554555100	0.970	0.0	17.0	3.14	4.43	0.0	0.00	113.7	0.0	0.6	16.8	0.000	0.115412064	1.3400434461	1.418	0.037
20160803	1.2858646439	0.535	0.0	18.0	4.40	6.39	0.0	0.00	109.3	0.0	0.0	16.1	0.000	0.000	1.2858646439	1.252	0.033
20160804	1.1909678332	0.368	0.0	18.8	3.85	5.81	0.0	0.00	105.4	0.0	0.0	14.9	0.000	0.000	1.1909678332	1.160	0.031
20160805	1.1030744071	0.267	0.0	20.7	2.70	4.22	0.0	0.00	102.7	0.0	0.0	13.8	0.000	0.000	1.1030744071	1.074	0.029
20160806	1.0264594486	0.226	0.3	19.6	3.87	6.21	0.0	0.00	99.1	0.1	0.0	12.9	0.000	0.000	1.0264594486	1.000	0.027
20160807	0.9870086277	0.195	2.5	16.7	3.27	5.39	0.0	0.00	97.8	0.5	0.0	12.4	0.000	0.000	0.9870086277	0.962	0.025
20160808	0.9141673909	0.163	0.0	16.7	3.86	6.51	0.0	0.00	94.0	0.0	0.0	11.5	0.000	0.000	0.9141673909	0.891	0.023
20160809	0.8467018375	0.125	0.0	16.7	3.66	6.43	0.0	0.00	90.3	0.0	0.0	10.6	0.000	0.000	0.8467018375	0.825	0.022
20160810	0.7842152419	0.139	0.0	18.5	2.24	4.09	0.0	0.00	88.1	0.0	0.0	9.8	0.000	0.000	0.7842152419	0.764	0.020
20160811	0.7263401570	0.121	0.0	22.1	2.82	5.28	0.0	0.00	85.3	0.0	0.0	9.1	0.000	0.000	0.726340157	0.708	0.019
20160812	0.7361070395	0.190	6.6	23.1	1.75	3.28	0.0	0.00	89.2	0.9	0.0	9.2	0.000	0.000	0.7361070395	0.718	0.018
20160813	0.8242683789	0.456	11.9	19.7	1.91	3.34	0.0	0.00	97.3	1.9	0.0	10.3	0.000	0.000	0.8242683789	0.806	0.018
20160814	0.7837276453	0.533	1.5	21.1	2.60	4.38	0.0	0.00	95.9	0.3	0.0	9.8	0.000	0.000	0.7837276453	0.767	0.017
20160815	0.7258885450	0.246	0.0	18.6	2.60	4.47	0.0	0.00	93.3	0.0	0.0	9.1	0.000	0.000	0.725888545	0.710	0.016
20160816	2.2953445643	1.591	43.4	16.9	2.69	4.06	0.0	0.00	122.2	11.9	7.3	11.4	0.000	1.3853905939	0.9099539704	2.269	0.026
20160817	2.8801791362	6.765	16.8	17.6	2.87	3.74	0.0	0.00	128.9	7.2	9.4	13.6	0.000	1.7997437689	1.0804353674	2.851	0.029
20160818	2.3069876459	1.217	1.0	18.6	1.93	2.46	0.0	0.00	127.5	0.5	5.6	15.5	0.000	1.0686524086	1.2383352373	2.283	0.024
20160819	1.7670501200	0.748	0.0	18.0	4.18	5.41	0.0	0.00	123.3	0.0	2.0	17.4	0.000	0.3824680232	1.3845820968	1.747	0.020
20160820	1.4305871736	0.514	0.0	18.1	4.24	5.67	0.0	0.00	119.1	0.0	0.0	18.0	0.000	0.000	1.4305871736	1.414	0.017
20160821	2.2273306144	0.680	18.3	19.1	3.75	4.97	0.0	0.00	126.3	7.4	3.5	19.6	0.000	0.6646847742	1.5626458402	2.207	0.021
20160822	2.5171173482	3.195	10.9	12.9	3.72	4.75	0.0	0.00	128.5	4.9	4.4	21.1	0.000	0.8321587709	1.6849585772	2.496	0.021
20160823	1.9820580018	0.995	0.0	14.5	4.34	5.58	0.0	0.00	124.2	0.0	1.0	22.6	0.000	0.1838133676	1.7982446342	1.964	0.018
20160824	1.7367526695	0.659	0.0	18.3	3.72	4.95	0.0	0.00	120.5	0.0	0.0	21.8	0.000	0.000	1.7367526695	1.721	0.016
20160825	1.6085803225	0.537	0.0	19.2	2.88	3.94	0.0	0.00	117.6	0.0	0.0	20.2	0.000	0.000	1.6085803225	1.594	0.015
20160826	1.4898670947	0.459	0.0	19.9	3.02	4.24	0.0	0.00	114.6	0.0	0.0	18.7	0.000	0.000	1.4898670947	1.476	0.014
20160827	1.3799149031	0.361	0.0	18.8	3.54	5.09	0.0	0.00	111.0	0.0	0.0	17.3	0.000	0.000	1.3799149031	1.367	0.013
20160828	1.3650057784	0.363	4.1	19.6	3.69	5.42	0.0	0.00	110.2	1.2	0.0	17.1	0.000	0.000	1.3650057784	1.353	0.012
20160829	1.2702877671	0.363	0.3	16.5	2.72	4.06	0.0	0.00	107.7	0.1	0.0	15.9	0.000	0.000	1.2702877671	1.259	0.011
20160830	1.1765405299	0.285	0.0	16.4	3.14	4.80	0.0	0.00	104.6	0.0	0.0	14.8	0.000	0.000	1.1765405299	1.166	0.011
20160831	1.7273485116	1.028	20.1	17.6	2.22	3.27	0.0	0.00	116.8	5.7	2.1	16.7	0.000	0.4000006729	1.3273478388	1.715	0.012
20160901	1.4085302867	0.813	1.0	15.9	4.17	5.87	0.0	0.00	113.3	0.3	0.0	17.7	0.000	0.000	1.4085302867	1.398	0.011
20160902	1.3045807515	0.455	0.0	14.6	3.85	5.60	0.0	0.00	109.4	0.0	0.0	16.4	0.000	0.000	1.3045807515	1.295	0.010
20160903	1.2083026921	0.329	0.0	14.1	1.94	2.92	0.0	0.00	107.5	0.0	0.0	15.2	0.000	0.000	1.2083026921	1.199	0.009
20160904	1.1191299534	0.261	0.0	15.6	3.18	4.88	0.0	0.00	104.3	0.0	0.0	14.0	0.000	0.000	1.1191299534	1.111	0.008
20160905	1.0365381628	0.213	0.0	17.1	1.96	3.10	0.0	0.00	102.4	0.0	0.0	13.0	0.000	0.000	1.0365381628	1.029	0.008
20160906	0.9600416464	0.176	0.0	18.3	1.40	2.26	0.0	0.00	101.0	0.0	0.0	12.0	0.000	0.000	0.9600416464	0.953	0.007
20160907	0.8891905729	0.147	0.0	19.8	2.12	3.47	0.0	0.00	98.8	0.0	0.0	11.2	0.000	0.000	0.8891905729	0.882	0.007
20160908	0.8449002178	0.172	1.5	19.9	1.83	3.03	0.0	0.00	98.2	0.3	0.0	10.6	0.000	0.000	0.8449002178	0.839	0.006
20160909	0.7935984121	0.166	0.8	19.6	2.73	4.57	0.0	0.00	96.1	0.1	0.0	10.0	0.000	0.000	0.7935984121	0.788	0.006
20160910	0.7350308492	0.120	0.0	18.6	2.08	3.57	0.0	0.00	94.1	0.0	0.0	9.2	0.000	0.000	0.7350308492	0.730	0.005
20160911	1.0411936495	0.820	19.1	13.5	2.58	4.19	0.0	0.00	106.6	4.0	0.6	11.5	0.000	0.1227720769	0.9184215726	1.035	0.006
20160912	0.9036079523	0.290	0.3	12.3	3.07	4.74	0.0	0.00	103.8	0.1	0.0	11.3	0.000	0.000	0.9036079523	0.898	0.006
20160913	0.8369216854	0.169	0.0	15.3	2.90	4.62	0.0	0.00	100.8	0.0	0.0	10.5	0.000	0.000	0.8369216854	0.832	0.005
20160914	0.8679179335	0.306	5.8	13.1	1.78	2.84	0.0	0.00	103.6	1.3	0.0	10.9	0.000	0.000	0.8679179335	0.863	0.005
20160915	0.8087917704	0.224	0.3	9.8	2.45	3.90	0.0	0.00	101.4	0.1	0.0	10.2	0.000	0.000	0.8087917704	0.804	0.005
20160916	0.7491029378	0.149	0.0	11.7	2.56	4.17	0.0	0.00	98.8	0.0	0.0	9.4	0.000	0.000	0.7491029378	0.745	0.004
20160917	0.7298142182	0.116	2.5	14.0	2.45	4.05	0.0	0.00	98.4	0.5	0.0	9.2	0.000	0.000	0.7298142182	0.726	0.004
20160918	0.7715087639	0.306	6.4	18.0	1.53	2.50	0.0	0.00	102.0	1.3	0.0	9.7	0.000	0.000	0.7715087639	0.767	0.004
20160919	0.7270474388	0.234	0.8	17.3	1.02	1.65	0.0	0.00	101.6	0.2	0.0	9.1	0.000	0.000	0.7270474388	0.723	0.004
20160920	0.6733913378	0.183	0.0	18.6	2.51	4.07	0.0	0.00	99.1	0.0	0.0	8.5	0.000	0.000	0.6733913378	0.670	0.004
20160921	0.6236950571	0.113	0.0	15.9	2.98	4.97	0.0	0.00	96.1	0.0	0.0	7.8	0.000	0.000	0.6236950571	0.620	0.003
20160922	0.5776663619	0.089	0.0	17.0	2.41	4.13	0.0	0.00	93.7	0.0	0.0	7.2	0.000	0.000	0.5776663619	0.575	0.003
20160923	0.8354740254	0.736	17.8	11.7	2.21	3.62	0.0	0.00	105.7	3.6	0.3	9.7	0.000	0.062803441	0.7726705844	0.832	0.004
20160924	0.7664244332	0.335	1.5	8.1	2.65	4.12	0.0	0.00	104.2	0.4	0.0	9.6	0.000	0.000	0.7664244332	0.763	0.003
20160925	0.7098623101	0.225	0.0	6.2	2.89	4.57	0.0	0.00	101.3	0.0	0.0	8.9	0.000	0.000	0.7098623101	0.707	0.003
20160926	0.6574744716	0.197	0.0	8.1	2.41	3.92	0.0	0.00	98.9	0.0	0.0	8.3	0.000	0.000	0.6574744716	0.655	0.003
20160927	0.6692270389	0.240	4.1	12.3	2.31	3.79	0.0	0.00	99.8	0.8	0.0	8.4	0.000	0.000	0.6692270389	0.667	0.003
20160928	0.6271195100	0.176	0.5	12.6	2.69	4.44	0.0	0.00	97.5	0.1	0.0	7.9	0.000	0.000	0.62711951	0.625	0.003
20160929	0.5808380902	0.149	0.0	10.7	2.50	4.22	0.0	0.00	95.0	0.0	0.0	7.3	0.000	0.000	0.5808380902	0.579	0.002
20160930	0.5379722391	0.122	0.0	8.7	1.06	1.84	0.0	0.00	94.0	0.0	0.0	6.8	0.000	0.000	0.5379722391	0.536	0.002
20161001	0.4982698879	0.138	0.0	8.7	1.29	2.27	0.0	0.00	92.7	0.0	0.0	6.3	0.000	0.000	0.4982698879	0.496	0.002
20161002	0.4614975701	0.170	0.0	9.8	0.94	1.68	0.0	0.00	91.7	0.0	0.0	5.8	0.000	0.000	0.4614975701	0.460	0.002
20161003	0.4775532709	0.207	4.3	11.7	1.08	1.91	0.0	0.00	94.3	0.7	0.0	6.0	0.000	0.000	0.4775532709	0.476	0.002
20161004	0.4423098395	0.195	0.0	11.6	1.09	1.90	0.0	0.00	93.2	0.0	0.0	5.6	0.000	0.000	0.4423098395	0.441	0.002
20161005	0.4096673733	0.163	0.0	12.1	1.30	2.30	0.0	0.00	91.9	0.0	0.0	5.1	0.000	0.000	0.4096673733	0.408	0.002
20161006	0.3827784543	0.156	0.3	12.7	1.55	2.77	0.0	0.00	90.6	0.0	0.0	4.8	0.000	0.000	0.3827784543	0.381	0.001
20161007	0.3577244706	0.139	0.3	15.1	1.12	2.04	0.0	0.00	89.7	0.0	0.0	4.5	0.000	0.000	0.3577244706	0.356	0.001
20161008	0.3313244047	0.135	0.0	13.7	0.98	1.80	0.0	0.00	88.8	0.0	0.0	4.2	0.000	0.000	0.3313244047	0.330	0.001
20161009	0.3068726636	0.140	0.0	8.0	0.64	1.19	0.0	0.00	88.1	0.0	0.0	3.9	0.000	0.000	0.3068726636	0.306	0.001
20161010	0.2842254610	0.140	0.0	4.4	1.11	2.07	0.0	0.00	87.0	0.0	0.0	3.6	0.000	0.000	0.284225461	0.283	0.001
20161011	0.2632496220	0.142	0.0	8.4	1.14	2.16	0.0	0.00	85.9	0.0	0.0	3.3	0.000	0.000	0.263249622	0.262	0.001
20161012	0.2438217999	0.129	0.0	12.7	1.22	2.34	0.0	0.00	84.7	0.0	0.0	3.1	0.000	0.000	0.2438217999	0.243	0.001
20161013	0.2388020684	0.125	1.5	9.8	0.82	1.58	0.0	0.00	85.2	0.2	0.0	3.0	0.000	0.000	0.2388020684	0.238	0.001
20161014	0.2211784758	0.136	0.0	4.7	0.90	1.74	0.0	0.00	84.3	0.0	0.0	2.8	0.000	0.000	0.2211784758	0.220	0.001
20161015	0.2048555042	0.132	0.0	5.8	1.11	2.16	0.0	0.00	83.2	0.0	0.0	2.6	0.000	0.000	0.2048555042	0.204	0.001
20161016	0.2311379110	0.158	4.8	10.2	1.09	2.11	0.0	0.00	86.3	0.6	0.0	2.9	0.000	0.000	0.231137911	0.230	0.001
20161017	0.2168110498	0.221	0.3	14.3	1.20	2.30	0.0	0.00	85.4	0.0	0.0	2.7	0.000	0.000	0.2168110498	0.216	0.001
20161018	0.2008103943	0.168	0.0	13.1	0.56	1.09	0.0	0.00	84.8	0.0	0.0	2.5	0.000	0.000	0.2008103943	0.200	0.001
20161019	0.1902915193	0.186	0.5	11.6	1.04	2.01	0.0	0.00	84.2	0.1	0.0	2.4	0.000	0.000	0.1902915193	0.190	0.001
20161020	0.2023458113	0.223	3.0	8.6	0.69	1.33	0.0	0.00	86.2	0.4	0.0	2.5	0.000	0.000	0.2023458113	0.202	0.001
20161021	1.6718536764	2.887	46.5	12.0	0.85	1.34	0.0	0.00	120.8	11.0	6.5	5.3	0.000	1.246804986	0.4250486904	1.669	0.002
20161022	3.1095672625	4.492	27.2	5.7	0.87	1.12	0.0	0.00	135.0	12.2	13.0	7.9	0.000	2.4782511654	0.6313160971	3.106	0.004
20161023	2.5571358694	1.951	2.0	1.4	0.75	0.92	0.0	0.00	135.2	1.1	9.1	10.3	0.000	1.7347749003	0.8223609691	2.554	0.003
20161024	2.5585683124	1.316	7.1	1.0	1.63	1.97	0.0	0.00	136.8	3.9	8.2	12.5	0.000	1.5592615828	0.9993067296	2.556	0.003
20161025	1.9839682434	1.072	0.3	-0.1	1.28	1.54	0.0	0.00	135.6	0.2	4.3	14.6	0.000	0.8207743505	1.163193893	1.982	0.002
20161026	1.4892366381	0.907	0.0	-0.9	1.18	1.44	0.0	0.00	134.5	0.0	0.9	16.5	0.000	0.1742504544	1.3149861837	1.487	0.002
20161027	2.0663408410	0.804	11.2	-0.9	0.87	1.05	0.0	0.00	138.7	6.1	3.2	18.3	0.000	0.6107646377	1.4555762033	2.064	0.002
20161028	2.7277165583	1.843	11.9	1.6	0.83	0.97	0.0	0.00	142.6	7.2	6.0	19.9	0.000	1.1419258788	1.5857906795	2.725	0.003
20161029	3.5901547676	3.742	13.7	3.1	1.51	1.72	0.0	0.00	145.8	9.0	9.9	21.4	0.000	1.8837594402	1.7063953274	3.587	0.003
20161030	2.9925049358	3.149	1.0	3.4	0.92	1.04	0.0	0.00	145.2	0.7	6.2	22.8	0.000	1.1744055837	1.8180993522	2.990	0.003
20161031	2.5520412657	1.921	1.5	-0.5	1.17	1.32	0.0	0.00	144.5	1.0	3.3	24.1	0.000	0.6304816457	1.92155962	2.550	0.002
20161101	2.0317891024	1.482	0.0	1.0	0.74	0.84	0.0	0.00	143.8	0.0	0.1	25.3	0.000	0.0144045824	2.01738452	2.030	0.002
20161102	1.9214038794	1.382	1.0	8.7	1.31	1.50	0.0	0.00	142.8	0.6	0.0	24.1	0.000	0.000	1.9214038794	1.920	0.002
20161103	3.3762262305	3.653	17.5	6.8	0.92	1.05	0.0	0.00	147.7	11.7	7.1	25.3	0.000	1.3589859574	2.0172402731	3.374	0.003
20161104	3.0135292217	2.362	2.5	0.2	1.13	1.26	0.0	0.00	147.3	1.8	4.8	26.4	0.000	0.9075252808	2.1060039409	3.011	0.002
20161105	2.4908088706	1.837	0.5	-0.9	1.35	1.51	0.0	0.00	146.1	0.3	1.6	27.5	0.000	0.3025920205	2.1882168501	2.489	0.002
20161106	2.2591815890	1.745	2.3	1.1	1.42	1.60	0.0	0.00	145.4	1.6	0.0	28.4	0.000	0.000	2.259181589	2.257	0.002
20161107	2.0924539878	1.577	0.0	2.0	1.35	1.53	0.0	0.00	144.1	0.0	0.0	26.3	0.000	0.000	2.0924539878	2.091	0.002
20161108	1.9380308835	1.460	0.0	5.9	1.45	1.66	0.0	0.00	142.6	0.0	0.0	24.3	0.000	0.000	1.9380308835	1.936	0.002
20161109	1.8088382347	1.394	0.3	4.0	0.82	0.95	0.0	0.00	141.9	0.2	0.0	22.7	0.000	0.000	1.8088382347	1.807	0.001
20161110	1.6753459730	1.322	0.0	1.9	1.16	1.35	0.0	0.00	140.8	0.0	0.0	21.0	0.000	0.000	1.675345973	1.674	0.001
20161111	1.9529221708	1.636	6.9	1.3	0.81	0.94	0.0	0.00	142.6	4.2	0.9	22.5	0.000	0.1635807306	1.7893414402	1.951	0.002
20161112	1.7206673960	1.396	0.0	-1.5	1.12	1.30	0.0	0.00	141.5	0.0	0.0	21.6	0.000	0.000	1.720667396	1.719	0.001
20161113	1.5936821421	1.276	0.0	3.8	1.28	1.49	0.0	0.00	140.2	0.0	0.0	20.0	0.000	0.000	1.5936821421	1.592	0.001
20161114	1.4760684000	1.194	0.0	5.9	1.33	1.56	0.0	0.00	138.9	0.0	0.0	18.5	0.000	0.000	1.4760684	1.475	0.001
20161115	1.5961412761	1.280	5.3	6.7	1.05	1.24	0.0	0.00	140.0	3.1	0.0	20.0	0.000	0.000	1.5961412761	1.595	0.001
20161116	1.8886527510	2.137	7.1	7.0	0.84	0.98	0.0	0.00	142.0	4.3	0.9	21.5	0.000	0.1726707011	1.7159820499	1.887	0.001
20161117	1.6698734911	1.639	0.3	4.5	0.70	0.81	0.0	0.00	141.4	0.2	0.0	21.0	0.000	0.000	1.6698734911	1.669	0.001
20161118	1.5466368275	1.379	0.0	5.8	1.05	1.22	0.0	0.00	140.4	0.0	0.0	19.4	0.000	0.000	1.5466368275	1.546	0.001
20161119	1.4324950296	1.267	0.0	7.1	0.91	1.07	0.0	0.00	139.5	0.0	0.0	18.0	0.000	0.000	1.4324950296	1.431	0.001
20161120	2.3259488631	1.552	13.0	0.6	0.59	0.69	0.0	0.00	143.9	8.0	4.0	19.6	0.000	0.7615359666	1.5644128964	2.325	0.001
20161121	1.8110854367	1.462	4.8	-4.3	1.09	1.25	3.7	1.00	142.8	0.0	0.7	21.2	0.000	0.124490212	1.6865952247	1.810	0.001
20161122	1.6103582297	1.288	1.0	-4.6	0.00	1.08	4.5	1.00	142.8	0.0	0.0	20.2	0.000	0.000	1.6103582297	1.609	0.001
20161123	1.4915137924	1.220	0.0	-4.0	0.00	0.94	4.5	1.00	142.8	0.0	0.0	18.7	0.000	0.000	1.4915137924	1.491	0.001
20161124	1.3814400745	1.206	4.3	-3.0	0.00	0.38	7.8	1.00	142.8	0.0	0.0	17.3	0.000	0.000	1.3814400745	1.381	0.001
20161125	1.3908918555	1.205	2.5	-0.8	0.00	0.52	7.9	1.00	143.7	1.5	0.0	17.5	0.000	0.000	1.3908918555	1.390	0.001
20161126	1.6305478763	1.284	0.8	0.9	0.00	0.48	2.7	1.00	145.7	3.9	0.5	19.2	0.000	0.1046678398	1.5258800365	1.618	0.013
20161127	1.4538236444	1.335	0.3	-2.1	0.00	1.19	3.0	1.00	145.7	0.0	0.0	18.2	0.000	0.000	1.4538236444	1.444	0.010
20161128	1.3465314594	1.177	0.3	-4.0	0.00	1.05	3.2	1.00	145.7	0.0	0.0	16.9	0.000	0.000	1.3465314594	1.337	0.009
20161129	1.2471574377	3.182	19.3	-3.0	0.00	0.29	18.1	1.00	145.7	0.0	0.0	15.7	0.000	0.000	1.2471574377	1.239	0.009
20161130	1.9456662067	4.084	4.1	1.8	0.00	0.22	12.5	1.00	148.7	6.7	2.9	17.5	0.000	0.5529129879	1.3927532188	1.882	0.064
20161201	4.7680952933	7.248	15.5	3.3	0.00	0.65	1.2	1.00	155.0	20.6	17.0	19.2	0.000	3.240491262	1.5276040312	4.341	0.427
20161202	4.8222015729	4.211	6.1	0.7	0.00	0.72	0.0	0.00	156.2	6.0	16.6	20.7	0.000	3.1696987192	1.6525028537	4.373	0.449
20161203	3.9155310673	3.390	7.1	-2.2	1.24	1.31	5.5	1.00	155.0	0.0	11.3	22.2	0.000	2.1473469241	1.7681841431	3.565	0.351
20161204	3.1638995696	2.945	0.0	-5.7	0.00	1.15	5.5	1.00	155.0	0.0	6.8	23.5	0.000	1.2885714163	1.8753281534	2.893	0.270
20161205	2.5417649253	2.708	7.1	-6.1	0.00	0.85	10.9	1.00	155.0	0.0	3.0	24.8	0.000	0.5671999897	1.9745649357	2.337	0.205
20161206	2.0486036794	2.507	1.8	-3.1	0.00	0.95	12.3	1.00	155.0	0.0	0.0	25.7	0.000	0.000	2.0486036794	1.895	0.153
20161207	1.8974167279	2.439	2.8	-2.8	0.00	1.20	14.5	1.00	155.0	0.0	0.0	23.8	0.000	0.000	1.8974167279	1.755	0.142
20161208	1.7573873733	2.369	0.8	-2.1	0.00	0.41	15.1	1.00	155.0	0.0	0.0	22.1	0.000	0.000	1.7573873733	1.626	0.132
20161209	1.6276921852	2.236	5.3	-8.1	0.00	0.68	19.2	1.00	155.0	0.0	0.0	20.4	0.000	0.000	1.6276921852	1.506	0.122
20161210	1.5075685019	2.098	0.3	-12.6	0.00	0.74	19.4	1.00	155.0	0.0	0.0	18.9	0.000	0.000	1.5075685019	1.395	0.113
20161211	1.3963099465	2.008	0.5	-11.5	0.00	0.65	19.8	1.00	155.0	0.0	0.0	17.5	0.000	0.000	1.3963099465	1.292	0.105
20161212	1.2932622724	1.916	16.3	-5.5	0.00	0.33	32.3	1.00	155.0	0.0	0.0	16.2	0.000	0.000	1.2932622724	1.196	0.097
20161213	1.1978195167	1.814	0.8	-3.4	0.00	0.88	33.0	1.00	155.0	0.0	0.0	15.0	0.000	0.000	1.1978195167	1.108	0.090
20161214	1.1094204364	1.784	1.8	-8.4	0.00	0.64	34.3	1.00	155.0	0.0	0.0	13.9	0.000	0.000	1.1094204364	1.026	0.083
20161215	1.0275452082	1.704	2.3	-16.3	0.00	0.54	36.1	1.00	155.0	0.0	0.0	12.9	0.000	0.000	1.0275452082	0.951	0.077
20161216	0.9517123718	1.639	0.0	-22.0	0.00	0.95	36.1	1.00	155.0	0.0	0.0	11.9	0.000	0.000	0.9517123718	0.880	0.071
20161217	0.8814759988	1.588	8.1	-11.0	0.00	0.60	42.4	1.00	155.0	0.0	0.0	11.1	0.000	0.000	0.8814759988	0.815	0.066
20161218	0.8164230701	5.114	19.8	-6.9	0.00	1.02	57.6	1.00	155.0	0.0	0.0	10.2	0.000	0.000	0.8164230701	0.755	0.061
20161219	0.7561710475	2.712	0.0	-16.7	0.00	0.82	57.6	1.00	155.0	0.0	0.0	9.5	0.000	0.000	0.7561710475	0.700	0.057
20161220	0.7003656242	2.109	0.0	-14.1	0.00	0.36	57.6	1.00	155.0	0.0	0.0	8.8	0.000	0.000	0.7003656242	0.648	0.052
20161221	0.6486786411	1.829	0.0	-5.1	0.00	0.58	57.6	1.00	155.0	0.0	0.0	8.1	0.000	0.000	0.6486786411	0.600	0.049
20161222	0.6008061574	1.712	3.0	-2.8	0.00	0.24	59.9	1.00	155.0	0.0	0.0	7.5	0.000	0.000	0.6008061574	0.556	0.045
20161223	0.5564666630	1.629	0.3	-2.2	0.00	1.01	60.1	1.00	155.0	0.0	0.0	7.0	0.000	0.000	0.556466663	0.515	0.042
20161224	0.5153994233	1.599	3.3	-2.6	0.00	1.04	62.7	1.00	155.0	0.0	0.0	6.5	0.000	0.000	0.5153994233	0.477	0.039
20161225	0.4773629458	1.515	1.0	-8.0	0.00	1.27	63.4	1.00	155.0	0.0	0.0	6.0	0.000	0.000	0.4773629458	0.442	0.036
20161226	0.4421335604	1.499	2.3	-8.4	0.00	1.48	65.2	1.00	155.0	0.0	0.0	5.5	0.000	0.000	0.4421335604	0.409	0.033
20161227	0.7986940429	2.544	7.1	0.7	0.00	0.74	67.3	1.00	155.9	4.2	0.8	8.1	0.000	0.1515539392	0.6471401037	0.717	0.082
20161228	0.6581007378	1.938	0.5	-6.9	0.00	0.69	67.6	1.00	155.9	0.0	0.0	8.3	0.000	0.000	0.6581007378	0.593	0.065
20161229	0.6095329033	1.669	10.2	-5.6	0.00	0.26	75.5	1.00	155.9	0.0	0.0	7.6	0.000	0.000	0.6095329033	0.549	0.060
20161230	0.5645493751	1.556	11.7	-7.6	0.00	1.10	84.5	1.00	155.9	0.0	0.0	7.1	0.000	0.000	0.5645493751	0.509	0.056
20161231	0.5228856312	1.470	3.8	-11.1	0.00	0.60	87.4	1.00	155.9	0.0	0.0	6.6	0.000	0.000	0.5228856312	0.471	0.052
20170101	0.4842966716	1.400	4.8	-5.6	0.00	0.77	91.1	1.00	155.9	0.0	0.0	6.1	0.000	0.000	0.4842966716	0.436	0.048
20170102	0.4485555772	1.375	0.0	-5.1	0.00	0.84	91.1	1.00	155.9	0.0	0.0	5.6	0.000	0.000	0.4485555772	0.404	0.044
20170103	0.4154521756	1.380	3.6	-3.8	0.00	0.53	93.9	1.00	155.9	0.0	0.0	5.2	0.000	0.000	0.4154521756	0.374	0.041
20170104	0.3847918051	1.661	8.1	-2.4	0.00	0.76	100.1	1.00	155.9	0.0	0.0	4.8	0.000	0.000	0.3847918051	0.347	0.038
20170105	0.3563941699	1.519	1.5	-7.9	0.00	1.25	101.3	1.00	155.9	0.0	0.0	4.5	0.000	0.000	0.3563941699	0.321	0.035
20170106	0.3300922801	1.404	0.5	-11.2	0.00	0.64	101.7	1.00	155.9	0.0	0.0	4.1	0.000	0.000	0.3300922801	0.297	0.033
20170107	0.3057314699	1.323	0.0	-13.2	0.00	0.70	101.7	1.00	155.9	0.0	0.0	3.8	0.000	0.000	0.3057314699	0.276	0.030
20170108	0.2831684874	1.271	0.5	-16.6	0.00	0.85	102.1	1.00	155.9	0.0	0.0	3.6	0.000	0.000	0.2831684874	0.255	0.028
20170109	0.2622706530	1.208	0.0	-18.9	0.00	0.59	102.1	1.00	155.9	0.0	0.0	3.3	0.000	0.000	0.262270653	0.236	0.026
20170110	0.2429150788	1.118	1.5	-9.8	0.00	0.37	103.2	1.00	155.9	0.0	0.0	3.0	0.000	0.000	0.2429150788	0.219	0.024
20170111	0.4602160079	1.084	6.1	2.0	0.00	1.44	105.5	1.00	156.5	3.2	0.0	5.8	0.000	0.000	0.4602160079	0.405	0.055
20170112	2.6922393967	2.256	6.4	3.5	0.00	0.35	93.5	1.00	159.0	15.9	10.6	8.3	0.000	2.0283513302	0.6638880665	2.212	0.481
20170113	2.0411442446	3.207	1.8	-5.7	0.00	1.53	94.9	1.00	159.0	0.0	6.2	10.7	0.000	1.1886151174	0.8525291272	1.682	0.359
20170114	1.5104851762	1.876	0.3	-15.0	0.00	0.87	95.1	1.00	159.0	0.0	2.5	12.9	0.000	0.4832366986	1.0272484776	1.250	0.261
20170115	1.1386675989	1.557	0.5	-11.0	0.00	0.73	95.5	1.00	159.0	0.0	0.0	14.3	0.000	0.000	1.1386675989	0.946	0.192
20170116	1.0546339301	1.430	0.0	-8.3	0.00	0.51	95.5	1.00	159.0	0.0	0.0	13.2	0.000	0.000	1.0546339301	0.876	0.178
20170117	0.9768019460	1.395	2.0	-4.8	0.00	1.26	97.1	1.00	159.0	0.0	0.0	12.3	0.000	0.000	0.976801946	0.812	0.165
20170118	0.9047139624	1.369	4.1	-2.4	0.00	0.40	100.2	1.00	159.0	0.0	0.0	11.4	0.000	0.000	0.9047139624	0.752	0.153
20170119	0.8379460720	1.326	2.0	-1.4	0.00	0.67	101.8	1.00	159.0	0.0	0.0	10.5	0.000	0.000	0.837946072	0.696	0.142
20170120	0.7761056519	1.265	0.3	-1.5	0.00	0.91	102.0	1.00	159.0	0.0	0.0	9.7	0.000	0.000	0.7761056519	0.645	0.131
20170121	0.7188290548	1.244	0.8	-0.2	0.00	0.90	102.8	1.00	159.0	0.0	0.0	9.0	0.000	0.000	0.7188290548	0.597	0.121
20170122	0.8410377677	1.254	1.3	0.7	0.00	1.01	101.4	1.00	159.3	2.4	0.0	10.6	0.000	0.000	0.8410377677	0.694	0.147
20170123	0.7789691804	1.298	0.8	-2.3	0.00	1.07	102.0	1.00	159.3	0.0	0.0	9.8	0.000	0.000	0.7789691804	0.643	0.136
20170124	0.7214812549	1.567	21.6	-2.0	0.00	0.98	118.7	1.00	159.3	0.0	0.0	9.1	0.000	0.000	0.7214812549	0.595	0.126
20170125	0.6682359383	1.498	0.8	-3.9	0.00	1.19	119.3	1.00	159.3	0.0	0.0	8.4	0.000	0.000	0.6682359383	0.551	0.117
20170126	1.6886271230	1.902	8.1	0.4	0.00	0.78	118.0	1.00	160.2	8.4	4.4	10.7	0.000	0.832070997	0.856556126	1.352	0.336
20170127	1.2147179214	1.791	13.7	-3.7	0.00	1.47	128.6	1.00	160.2	0.0	1.0	12.9	0.000	0.1837396375	1.0309782839	0.978	0.237
20170128	1.0260820091	1.569	2.3	-3.5	0.00	1.33	130.4	1.00	160.2	0.0	0.0	12.9	0.000	0.000	1.0260820091	0.828	0.198
20170129	0.9503571568	1.462	2.0	-3.4	0.00	1.00	131.9	1.00	160.2	0.0	0.0	11.9	0.000	0.000	0.9503571568	0.767	0.184
20170130	0.8802207987	1.415	1.5	-11.3	0.00	1.16	133.1	1.00	160.2	0.0	0.0	11.0	0.000	0.000	0.8802207987	0.710	0.170
20170131	0.8152605037	1.349	0.0	-13.2	0.00	0.95	133.1	1.00	160.2	0.0	0.0	10.2	0.000	0.000	0.8152605037	0.658	0.158
20170201	0.7550942785	1.268	2.8	-8.3	0.00	0.76	135.2	1.00	160.2	0.0	0.0	9.5	0.000	0.000	0.7550942785	0.609	0.146
20170202	0.6993683208	1.215	1.3	-8.2	0.00	0.85	136.2	1.00	160.2	0.0	0.0	8.8	0.000	0.000	0.6993683208	0.564	0.135
20170203	0.6477549387	1.171	2.8	-9.7	0.00	0.43	138.4	1.00	160.2	0.0	0.0	8.1	0.000	0.000	0.6477549387	0.523	0.125
20170204	0.5999506242	1.123	1.8	-10.3	0.00	0.93	139.8	1.00	160.2	0.0	0.0	7.5	0.000	0.000	0.5999506242	0.484	0.116
20170205	0.5556742682	1.086	1.5	-7.0	0.00	0.87	140.9	1.00	160.2	0.0	0.0	7.0	0.000	0.000	0.5556742682	0.448	0.107
20170206	0.5146655072	1.073	3.8	-9.8	0.00	0.98	143.8	1.00	160.2	0.0	0.0	6.5	0.000	0.000	0.5146655072	0.415	0.099
20170207	0.4766831927	1.058	12.4	-8.4	0.00	0.48	153.4	1.00	160.2	0.0	0.0	6.0	0.000	0.000	0.4766831927	0.385	0.092
20170208	0.4415039731	1.233	6.1	-1.1	0.00	0.79	158.1	1.00	160.2	0.0	0.0	5.5	0.000	0.000	0.4415039731	0.356	0.085
20170209	0.4089209799	1.153	5.6	-13.0	0.00	0.50	162.4	1.00	160.2	0.0	0.0	5.1	0.000	0.000	0.4089209799	0.330	0.079
20170210	0.3787426116	1.103	1.8	-17.8	0.00	0.54	163.8	1.00	160.2	0.0	0.0	4.8	0.000	0.000	0.3787426116	0.306	0.073
20170211	0.3507914069	1.056	1.8	-13.6	0.00	0.30	165.2	1.00	160.2	0.0	0.0	4.4	0.000	0.000	0.3507914069	0.283	0.068
20170212	0.3249030010	1.016	17.0	-10.8	0.00	0.35	178.3	1.00	160.2	0.0	0.0	4.1	0.000	0.000	0.324903001	0.262	0.063
20170213	0.3009251596	0.999	5.3	-7.2	0.00	0.49	182.3	1.00	160.2	0.0	0.0	3.8	0.000	0.000	0.3009251596	0.243	0.058
20170214	0.2787168828	0.961	5.6	-8.2	0.00	0.67	186.7	1.00	160.2	0.0	0.0	3.5	0.000	0.000	0.2787168828	0.225	0.054
20170215	0.2581475768	0.919	6.1	-4.5	0.00	0.30	191.3	1.00	160.2	0.0	0.0	3.2	0.000	0.000	0.2581475768	0.208	0.050
20170216	0.2390962857	0.920	5.3	-6.0	0.00	0.39	195.4	1.00	160.2	0.0	0.0	3.0	0.000	0.000	0.2390962857	0.193	0.046
20170217	0.2214509798	0.919	1.3	-7.1	0.00	1.21	196.4	1.00	160.2	0.0	0.0	2.8	0.000	0.000	0.2214509798	0.179	0.043
20170218	0.2051078975	0.916	0.0	-3.1	0.00	1.16	196.4	1.00	160.2	0.0	0.0	2.6	0.000	0.000	0.2051078975	0.165	0.040
20170219	0.1899709346	1.334	0.0	3.8	0.00	1.58	196.4	1.00	160.2	0.0	0.0	2.4	0.000	0.000	0.1899709346	0.153	0.037
20170220	0.1759510797	1.259	0.0	-3.8	0.00	0.87	196.4	1.00	160.2	0.0	0.0	2.2	0.000	0.000	0.1759510797	0.142	0.034
20170221	0.1629658900	1.109	0.3	-4.1	0.00	1.11	196.7	1.00	160.2	0.0	0.0	2.0	0.000	0.000	0.16296589	0.131	0.032
20170222	0.7747164987	1.144	0.0	4.3	0.00	1.45	190.5	1.00	160.8	5.6	2.0	4.9	0.000	0.3861414914	0.3885750073	0.594	0.180
20170223	3.4480356544	2.027	0.0	6.7	0.00	1.00	170.1	1.00	162.1	19.0	15.0	7.5	0.000	2.8505014827	0.5975341718	2.382	1.066
20170224	4.6740307982	3.357	0.8	3.7	0.00	0.34	157.7	1.00	162.8	12.5	20.4	9.9	0.000	3.8829586483	0.7910721499	3.108	1.566
20170225	9.2781823309	8.691	19.3	5.3	0.00	0.41	141.2	1.00	163.9	34.8	43.6	12.2	0.000	8.3078553056	0.9703270252	5.741	3.537
20170226	7.5997513475	8.663	4.1	-4.7	0.00	1.30	144.3	1.00	163.9	0.0	33.9	14.3	0.000	6.4633984567	1.1363528908	4.710	2.889
20170227	6.2041807511	4.705	0.8	-2.9	0.00	1.37	144.9	1.00	163.9	0.0	25.8	16.2	0.000	4.9140547037	1.2901260474	3.853	2.351
20170228	5.8902791981	3.766	0.3	1.3	0.00	1.26	139.8	1.00	164.0	5.3	23.4	18.0	0.000	4.457728453	1.4325507451	3.628	2.262
20170301	8.3405417176	7.047	9.1	4.1	0.00	0.66	126.4	1.00	164.4	22.2	35.6	19.6	0.000	6.7760772174	1.5644645001	4.922	3.418
20170302	6.8633478827	9.705	5.8	-3.1	0.00	0.59	130.9	1.00	164.4	0.0	27.2	21.2	0.000	5.1767048626	1.68664302	4.060	2.803
20170303	5.6330368498	5.714	0.0	-11.0	0.00	0.69	130.9	1.00	164.4	0.0	20.1	22.6	0.000	3.8332320846	1.7998047651	3.342	2.291
20170304	4.6093301246	4.437	1.8	-16.5	0.00	0.48	132.3	1.00	164.4	0.0	14.2	23.9	0.000	2.7047149511	1.9046151735	2.744	1.866
20170305	3.7584511326	3.799	0.0	-13.3	0.00	0.90	132.3	1.00	164.4	0.0	9.2	25.1	0.000	1.7567605589	2.0016905737	2.246	1.513
20170306	3.0520806788	3.523	0.3	-7.5	0.00	0.94	132.5	1.00	164.4	0.0	5.0	26.2	0.000	0.9604788695	2.0916018093	1.832	1.220
20170307	2.4664798462	3.396	4.3	-1.0	0.00	0.21	136.8	1.00	164.4	0.0	1.5	27.3	0.000	0.2916022504	2.1748775958	1.488	0.978
20170308	4.7295554998	4.642	6.4	3.9	0.00	1.15	125.8	1.00	164.5	17.2	13.0	28.3	0.000	2.4775478706	2.2520076292	2.700	2.029
20170309	3.8893856775	3.849	6.1	-3.0	0.00	1.18	130.5	1.00	164.5	0.0	8.2	29.2	0.000	1.5659402113	2.3234454662	2.234	1.656
20170310	3.1898009683	3.300	2.8	-9.0	0.00	0.54	132.7	1.00	164.5	0.0	4.2	30.0	0.000	0.8001897775	2.3896111908	1.844	1.346
20170311	2.6078532980	2.960	0.8	-19.8	0.00	0.70	133.3	1.00	164.5	0.0	0.8	30.8	0.000	0.1569594131	2.4508938849	1.519	1.089
20170312	2.3308318408	2.586	0.0	-16.5	0.00	1.08	133.3	1.00	164.5	0.0	0.0	29.3	0.000	0.000	2.3308318408	1.361	0.970
20170313	2.1588164510	2.328	0.0	-13.2	0.00	1.41	133.3	1.00	164.5	0.0	0.0	27.1	0.000	0.000	2.158816451	1.261	0.898
20170314	1.9994957969	2.261	34.3	-9.9	0.00	0.45	159.7	1.00	164.5	0.0	0.0	25.1	0.000	0.000	1.9994957969	1.168	0.832
20170315	1.8519330071	2.166	8.9	-9.4	0.00	0.27	166.6	1.00	164.5	0.0	0.0	23.2	0.000	0.000	1.8519330071	1.081	0.770
20170316	1.7152603511	2.038	2.8	-9.7	0.00	1.05	168.7	1.00	164.5	0.0	0.0	21.5	0.000	0.000	1.7152603511	1.002	0.714
20170317	1.5886741372	1.945	1.5	-8.5	0.00	0.99	169.9	1.00	164.5	0.0	0.0	19.9	0.000	0.000	1.5886741372	0.928	0.661
20170318	1.4714299859	1.869	0.0	-5.7	0.00	0.98	169.9	1.00	164.5	0.0	0.0	18.5	0.000	0.000	1.4714299859	0.859	0.612
20170319	1.3628384529	1.825	0.0	-3.1	0.00	1.17	169.9	1.00	164.5	0.0	0.0	17.1	0.000	0.000	1.3628384529	0.796	0.567
20170320	1.2622609751	1.843	0.0	-0.6	0.00	1.31	169.9	1.00	164.5	0.0	0.0	15.8	0.000	0.000	1.2622609751	0.737	0.525
20170321	1.1691061152	1.806	0.0	0.8	0.00	1.21	169.9	1.00	164.5	0.0	0.0	14.7	0.000	0.000	1.1691061152	0.683	0.486
20170322	1.0828260839	1.687	3.3	-8.8	0.00	1.13	172.4	1.00	164.5	0.0	0.0	13.6	0.000	0.000	1.0828260839	0.632	0.450
20170323	1.0029135189	1.582	0.0	-10.2	0.00	0.99	172.4	1.00	164.5	0.0	0.0	12.6	0.000	0.000	1.0029135189	0.586	0.417
20170324	0.9288985012	1.571	10.4	-6.1	0.00	0.38	180.4	1.00	164.5	0.0	0.0	11.7	0.000	0.000	0.9288985012	0.542	0.386
20170325	0.8603457918	1.515	0.5	-4.5	0.00	0.43	180.8	1.00	164.5	0.0	0.0	10.8	0.000	0.000	0.8603457918	0.502	0.358
20170326	0.7968522724	1.503	0.3	-2.8	0.00	1.24	181.1	1.00	164.5	0.0	0.0	10.0	0.000	0.000	0.7968522724	0.465	0.332
20170327	0.7380445747	1.841	10.4	-0.3	0.00	0.50	191.5	1.00	164.5	0.0	0.0	9.3	0.000	0.000	0.7380445747	0.431	0.307
20170328	1.7017161041	2.141	1.5	2.7	0.00	0.26	184.8	1.00	164.6	8.1	4.1	11.6	0.000	0.7805032191	0.921212885	0.947	0.754
20170329	1.7262401844	2.051	1.0	-0.3	0.00	0.93	182.7	1.00	164.6	3.1	3.3	13.7	0.000	0.6353768103	1.0908633741	0.958	0.769
20170330	1.9997096472	1.816	0.0	0.7	0.00	1.91	178.1	1.00	164.7	4.6	3.9	15.7	0.000	0.7517159901	1.2479936571	1.099	0.900
20170331	3.9380186734	1.761	11.7	0.3	0.00	1.40	174.5	1.00	164.8	15.2	13.4	17.5	0.000	2.5444909481	1.3935277252	2.134	1.804
20170401	6.4356647629	1.659	16.0	0.7	0.00	0.60	169.9	1.00	164.8	20.5	25.8	19.2	0.000	4.9073433838	1.5283213791	3.523	2.913
20170402	6.8199795975	1.886	0.3	2.6	0.00	0.74	160.4	1.00	164.9	9.7	27.1	20.7	0.000	5.1668123361	1.6531672613	3.734	3.086
20170403	7.1274575108	2.019	0.0	2.6	0.00	1.20	150.8	1.00	164.9	9.6	28.1	22.2	0.000	5.3586579933	1.7687995174	3.881	3.247
20170404	8.4066315539	2.412	10.4	1.1	0.00	0.39	145.3	1.00	164.9	15.9	34.3	23.5	0.000	6.5307334409	1.875898113	4.539	3.867
20170405	8.3804047027	2.592	2.0	1.6	0.00	0.79	138.3	1.00	164.9	9.0	33.6	24.8	0.000	6.4053118704	1.9750928323	4.502	3.878
20170406	10.5612394376	3.849	15.2	1.8	0.00	0.60	130.8	1.00	165.0	22.7	44.6	25.9	0.000	8.4942724563	2.0669669813	5.646	4.915
20170407	11.3361299176	5.213	8.4	1.9	0.00	0.22	123.1	1.00	165.0	16.0	48.2	27.0	0.000	9.1840690995	2.1520608181	6.056	5.280
20170408	9.4302927733	3.902	5.1	-2.4	0.00	0.75	127.1	1.00	165.0	0.0	37.8	28.0	0.000	7.1994180436	2.2308747297	5.040	4.390
20170409	9.3506745827	3.904	0.3	2.7	0.00	1.57	117.9	1.00	165.0	9.5	37.0	28.9	0.000	7.0468024081	2.3038721746	4.980	4.371
20170410	12.4659976345	8.742	0.0	10.1	0.00	1.86	88.6	1.00	165.0	29.3	53.0	29.8	0.000	10.0945152264	2.3714824082	6.291	6.175
20170411	25.7115892777	18.395	1.0	11.7	0.00	1.22	55.2	1.00	165.0	34.4	60.9	30.5	9.8102168722	13.4672693991	2.4341030064	11.829	13.883
20170412	20.1986500543	18.372	0.3	5.7	0.00	0.54	37.4	1.00	165.0	18.1	58.0	31.3	5.5898089771	12.1167388727	2.4921022046	8.893	11.305
20170413	16.7045883623	13.782	2.0	4.1	0.00	1.57	23.9	1.00	165.0	15.6	56.2	32.0	2.9020964398	11.2566708607	2.5458210619	7.073	9.631
20170414	15.7276821137	13.201	0.3	4.9	0.00	1.95	8.3	1.00	165.0	15.8	55.7	32.6	2.1243232168	11.0077834294	2.5955754675	6.348	9.379
20170415	14.1766681502	15.518	5.6	8.6	0.00	2.10	0.0	0.00	165.0	13.9	54.8	33.2	0.9144016305	10.6206085217	2.641657998	5.555	8.621
20170416	12.2080975577	26.883	7.9	12.0	2.40	2.40	0.0	0.00	162.6	7.9	50.0	33.7	0.000	9.52375792	2.6843396377	4.770	7.438
20170417	10.4070532505	21.485	1.3	4.9	2.53	2.57	0.0	0.00	160.1	1.2	40.3	34.2	0.000	7.683181878	2.7238713725	4.084	6.323
20170418	8.6991584427	13.829	0.0	3.8	2.21	2.28	0.0	0.00	157.9	0.0	31.2	34.6	0.000	5.9386727775	2.7604856652	3.438	5.261
20170419	8.5446539806	12.714	9.1	4.2	1.29	1.35	0.0	0.00	157.7	8.0	30.2	35.1	0.000	5.7502561575	2.7943978231	3.384	5.161
20170420	7.3901927224	11.894	1.8	5.3	1.75	1.83	0.0	0.00	156.2	1.6	24.0	35.5	0.000	4.5643854586	2.8258072638	2.945	4.445
20170421	8.0900202915	12.750	14.0	3.8	1.68	1.76	0.0	0.00	156.6	12.0	27.5	35.8	0.000	5.2351216038	2.8548986877	3.317	4.773
20170422	7.2116055923	10.227	3.3	4.1	1.20	1.26	0.0	0.00	155.9	2.8	22.7	36.2	0.000	4.3297624278	2.8818431645	2.986	4.226
20170423	6.0685479391	8.719	0.3	7.7	2.13	2.25	0.0	0.00	153.8	0.2	16.6	36.5	0.000	3.1617488002	2.906799139	2.523	3.545
20170424	5.0705823547	7.746	0.0	7.9	2.16	2.32	0.0	0.00	151.6	0.0	11.2	36.8	0.000	2.1406689921	2.9299133625	2.117	2.953
20170425	4.6386518959	7.046	3.3	7.4	1.34	1.46	0.0	0.00	151.1	2.5	8.9	37.0	0.000	1.6873301396	2.9513217564	1.961	2.678
20170426	4.2119000419	7.088	2.8	11.1	0.31	0.33	0.0	0.00	151.4	2.1	6.5	37.3	0.000	1.2407498311	2.9711502108	1.799	2.413
20170427	3.6378569469	5.852	1.0	14.7	1.27	1.39	0.0	0.00	150.4	0.8	3.4	37.5	0.000	0.6483416217	2.9895153252	1.560	2.078
20170428	3.0952625114	5.034	0.5	16.6	2.07	2.27	0.0	0.00	148.5	0.4	0.5	37.7	0.000	0.0887374172	3.0065250942	1.328	1.767
20170429	2.8610133230	4.349	0.8	12.4	2.04	2.26	0.0	0.00	146.7	0.6	0.0	35.9	0.000	0.000	2.861013323	1.230	1.631
20170430	2.7003238830	3.884	1.0	2.7	1.85	2.08	0.0	0.00	145.1	0.7	0.0	33.9	0.000	0.000	2.700323883	1.164	1.537
20170501	4.3377010761	5.573	18.8	6.2	0.73	0.81	0.0	0.00	150.0	13.2	8.4	34.4	0.000	1.5990250957	2.7386759804	2.079	2.259
20170502	5.3319105158	8.210	14.2	7.9	0.42	0.46	0.0	0.00	153.0	10.8	13.4	34.8	0.000	2.5577128227	2.7741976931	2.703	2.629
20170503	4.9831448116	6.038	4.3	3.5	1.27	1.36	0.0	0.00	152.6	3.4	11.4	35.2	0.000	2.1760469083	2.8070979033	2.543	2.440
20170504	4.1502494810	4.732	0.0	8.2	1.52	1.64	0.0	0.00	151.1	0.0	6.9	35.6	0.000	1.3126794029	2.8375700781	2.089	2.061
20170505	4.7352619819	5.350	10.4	7.0	0.86	0.94	0.0	0.00	152.6	8.0	9.8	36.0	0.000	1.8694685756	2.8657934063	2.501	2.235
20170506	4.7783965340	5.489	6.6	10.7	1.55	1.66	0.0	0.00	152.5	5.2	9.9	36.3	0.000	1.8864626811	2.8919338529	2.580	2.199
20170507	5.9037003202	5.798	15.0	7.3	1.07	1.15	0.0	0.00	154.4	12.0	15.7	36.6	0.000	2.9875551857	2.9161451346	3.396	2.508
20170508	5.1009359234	6.016	1.3	2.5	0.76	0.82	0.0	0.00	153.9	1.1	11.4	36.9	0.000	2.1623662998	2.9385696236	2.913	2.188
20170509	4.4524110952	4.609	1.5	2.6	1.47	1.58	0.0	0.00	152.7	1.2	7.8	37.1	0.000	1.4930719097	2.9593391854	2.527	1.925
20170510	3.7175563577	4.126	0.0	5.0	2.54	2.74	0.0	0.00	150.2	0.0	3.9	37.4	0.000	0.7389804042	2.9785759535	2.077	1.640
20170511	3.1019365877	3.709	0.0	8.4	2.75	3.02	0.0	0.00	147.4	0.0	0.6	37.6	0.000	0.1055435395	2.9963930482	1.703	1.399
20170512	2.8161520856	3.391	0.0	11.1	2.89	3.24	0.0	0.00	144.5	0.0	0.0	35.3	0.000	0.000	2.8161520856	1.540	1.276
20170513	2.6227569575	3.144	0.3	11.2	1.40	1.60	0.0	0.00	143.2	0.2	0.0	32.9	0.000	0.000	2.6227569575	1.436	1.186
20170514	4.0752522786	4.331	17.8	6.5	1.62	1.83	0.0	0.00	147.4	12.0	7.4	33.5	0.000	1.4084187845	2.666833494	2.503	1.573
20170515	4.6855492146	5.810	11.4	9.2	0.86	0.95	0.0	0.00	149.8	8.2	10.4	34.0	0.000	1.9778920324	2.7076571822	2.991	1.695
20170516	3.8916973893	3.745	0.0	13.1	1.99	2.19	0.0	0.00	147.8	0.0	6.0	34.5	0.000	1.1462293072	2.7454680821	2.446	1.445
20170517	3.2281211557	3.165	0.0	18.7	3.08	3.44	0.0	0.00	144.7	0.0	2.4	34.9	0.000	0.4476326181	2.7804885377	1.994	1.235
20170518	2.7632100655	2.805	0.3	23.3	3.52	4.01	0.0	0.00	141.3	0.2	0.0	34.7	0.000	0.000	2.7632100655	1.683	1.081
20170519	2.6175170642	2.636	1.3	12.2	2.05	2.39	0.0	0.00	139.7	0.8	0.0	32.9	0.000	0.000	2.6175170642	1.601	1.016
20170520	2.4243443048	2.418	0.0	9.8	2.87	3.39	0.0	0.00	136.9	0.0	0.0	30.4	0.000	0.000	2.4243443048	1.483	0.941
20170521	2.2454276951	2.219	0.0	11.5	2.37	2.86	0.0	0.00	134.5	0.0	0.0	28.2	0.000	0.000	2.2454276951	1.374	0.872
20170522	3.2864256161	3.539	16.5	9.5	1.17	1.40	0.0	0.00	140.5	9.3	5.1	29.1	0.000	0.9690744848	2.3173511312	2.195	1.091
20170523	2.7304384540	2.852	0.5	12.6	2.83	3.32	0.0	0.00	137.9	0.3	1.8	29.9	0.000	0.3464718363	2.3839666178	1.793	0.937
20170524	2.3422703943	2.244	0.0	15.0	1.46	1.74	0.0	0.00	136.5	0.0	0.0	29.4	0.000	0.000	2.3422703943	1.518	0.824
20170525	2.2416887836	2.041	1.8	12.9	1.85	2.24	0.0	0.00	135.4	1.0	0.0	28.1	0.000	0.000	2.2416887836	1.462	0.780
20170526	3.4419202127	3.859	17.8	10.1	2.30	2.73	0.0	0.00	140.7	10.3	5.9	29.0	0.000	1.1280320613	2.3138881514	2.440	1.002
20170527	2.9086434526	2.560	1.0	12.8	2.32	2.72	0.0	0.00	138.7	0.6	2.8	29.9	0.000	0.5278842468	2.3807592058	2.038	0.870
20170528	2.4095879279	2.063	0.0	15.1	2.97	3.53	0.0	0.00	135.8	0.0	0.0	30.2	0.000	0.000	2.4095879279	1.661	0.748
20170529	2.4162667388	2.059	4.6	10.9	1.08	1.31	0.0	0.00	136.8	2.5	0.0	30.3	0.000	0.000	2.4162667388	1.687	0.729
20170530	2.4690567235	2.225	5.6	9.7	1.40	1.68	0.0	0.00	137.9	3.1	0.0	31.0	0.000	0.000	2.4690567235	1.750	0.719
20170531	2.6172093194	2.843	6.6	13.2	2.54	3.02	0.0	0.00	138.1	3.8	0.5	31.7	0.000	0.0927329821	2.5244763373	1.892	0.725
20170601	2.4073317824	2.295	0.8	12.9	4.17	4.97	0.0	0.00	134.3	0.5	0.0	30.2	0.000	0.000	2.4073317824	1.739	0.669
20170602	2.3960348223	2.017	4.3	8.3	3.35	4.09	0.0	0.00	133.0	2.3	0.0	30.1	0.000	0.000	2.3960348223	1.748	0.648
20170603	2.4857453234	2.394	6.6	8.1	2.66	3.26	0.0	0.00	133.5	3.4	0.2	30.8	0.000	0.028901871	2.4568434524	1.841	0.644
20170604	2.9543126182	2.436	10.9	12.4	3.14	3.81	0.0	0.00	135.5	5.8	2.3	31.5	0.000	0.4411482126	2.5131644057	2.258	0.696
20170605	2.9067669576	2.575	5.6	10.2	0.64	0.78	0.0	0.00	137.4	3.0	1.8	32.2	0.000	0.3414380851	2.5653288725	2.238	0.669
20170606	4.2524945629	4.855	19.3	8.2	2.49	2.92	0.0	0.00	142.5	11.7	8.6	32.8	0.000	1.6388509612	2.6136436017	3.433	0.819
20170607	3.5696624216	3.138	0.5	13.2	3.50	4.05	0.0	0.00	139.2	0.3	4.8	33.4	0.000	0.9112697177	2.6583927039	2.860	0.710
20170608	2.9501058853	2.305	0.0	17.6	4.68	5.54	0.0	0.00	134.5	0.0	1.3	33.9	0.000	0.2502665629	2.6998393224	2.339	0.611
20170609	2.5975569602	2.020	0.0	15.1	2.49	3.05	0.0	0.00	132.0	0.0	0.0	32.6	0.000	0.000	2.5975569602	2.050	0.548
20170610	2.4058572565	1.809	0.0	15.7	3.74	4.67	0.0	0.00	128.3	0.0	0.0	30.2	0.000	0.000	2.4058572565	1.898	0.508
20170611	2.2446752800	1.552	0.5	21.5	2.96	3.80	0.0	0.00	125.6	0.2	0.0	28.2	0.000	0.000	2.24467528	1.772	0.472
20170612	2.0790182444	1.316	0.0	22.7	3.70	4.86	0.0	0.00	121.9	0.0	0.0	26.1	0.000	0.000	2.0790182444	1.642	0.437
20170613	1.9255866979	1.124	0.0	18.9	3.46	4.68	0.0	0.00	118.5	0.0	0.0	24.2	0.000	0.000	1.9255866979	1.521	0.405
20170614	1.7834783996	1.042	0.0	13.4	4.53	6.32	0.0	0.00	113.9	0.0	0.0	22.4	0.000	0.000	1.7834783996	1.408	0.375
20170615	1.6518576937	0.959	0.0	14.2	4.12	5.96	0.0	0.00	109.8	0.0	0.0	20.7	0.000	0.000	1.6518576937	1.304	0.347
20170616	2.2815253952	2.700	19.8	13.0	2.62	3.72	0.0	0.00	120.5	6.4	2.7	22.2	0.000	0.5139387993	1.7675865959	1.878	0.403
20170617	1.8362642929	1.663	0.0	17.6	3.85	5.27	0.0	0.00	116.7	0.0	0.0	23.0	0.000	0.000	1.8362642929	1.493	0.343
20170618	1.7079807560	1.247	0.3	21.3	3.28	4.63	0.0	0.00	113.6	0.1	0.0	21.4	0.000	0.000	1.707980756	1.389	0.319
20170619	2.7917632828	4.466	24.9	20.5	3.36	4.57	0.0	0.00	125.9	9.3	5.1	22.8	0.000	0.9721955066	1.8195677762	2.389	0.402
20170620	3.2495124367	4.345	14.0	17.0	4.40	5.59	0.0	0.00	129.1	6.4	7.0	24.1	0.000	1.3265927624	1.9229196743	2.826	0.424
20170621	2.6177821227	2.347	0.0	14.6	3.89	4.97	0.0	0.00	125.2	0.0	3.1	25.3	0.000	0.5991379204	2.0186442023	2.258	0.360
20170622	2.1018042475	1.783	0.0	15.9	2.70	3.56	0.0	0.00	122.5	0.0	0.0	26.4	0.000	0.000	2.1018042475	1.796	0.306
20170623	3.2774387737	3.879	22.4	18.1	3.29	4.22	0.0	0.00	131.5	10.1	5.7	27.4	0.000	1.0931116797	2.184327094	2.904	0.373
20170624	4.9933854084	6.725	26.2	17.1	4.10	4.93	0.0	0.00	139.1	14.6	14.3	28.4	0.000	2.7326256539	2.2607597545	4.540	0.454
20170625	4.8837958412	3.687	8.1	15.4	4.79	5.62	0.0	0.00	137.6	4.8	13.4	29.3	0.000	2.5522441566	2.3315516846	4.453	0.431
20170626	4.0258042618	3.073	0.0	13.5	4.54	5.45	0.0	0.00	133.0	0.0	8.6	30.1	0.000	1.6286850916	2.3971191703	3.655	0.371
20170627	3.8809495611	2.639	6.9	13.7	2.89	3.55	0.0	0.00	133.5	3.6	7.5	30.8	0.000	1.4231017857	2.4578477755	3.532	0.349
20170628	3.3565389489	2.674	2.0	12.3	2.99	3.68	0.0	0.00	131.5	1.0	4.4	31.6	0.000	0.8424443393	2.5140946097	3.048	0.309
20170629	5.7137753640	5.470	32.3	13.3	2.35	2.80	0.0	0.00	142.9	18.5	16.5	32.2	0.000	3.1475849365	2.5661904275	5.326	0.388
20170630	4.9760098081	6.641	2.3	16.7	3.72	4.28	0.0	0.00	140.1	1.5	12.4	32.8	0.000	2.3615682342	2.6144415739	4.631	0.345
20170701	5.4944988499	6.016	13.7	17.6	3.35	3.87	0.0	0.00	141.9	8.5	14.9	33.4	0.000	2.8353670641	2.6591317858	5.146	0.349
20170702	4.6456138270	4.657	0.8	18.5	4.90	5.70	0.0	0.00	137.3	0.5	10.2	33.9	0.000	1.945089967	2.70052386	4.340	0.305
20170703	4.0172591020	3.508	1.8	16.1	6.32	7.57	0.0	0.00	131.8	1.0	6.7	34.4	0.000	1.2783979029	2.7388611991	3.746	0.271
20170704	3.3330234810	2.884	0.0	16.0	5.82	7.29	0.0	0.00	125.9	0.0	2.9	34.8	0.000	0.5586542384	2.7743692426	3.097	0.236
20170705	2.7860713772	2.473	0.0	17.1	5.72	7.50	0.0	0.00	120.2	0.0	0.0	35.0	0.000	0.000	2.7860713772	2.580	0.206
20170706	2.5804593095	2.130	0.0	18.8	4.94	6.78	0.0	0.00	115.3	0.0	0.0	32.4	0.000	0.000	2.5804593095	2.389	0.191
20170707	2.4805021679	1.977	3.8	18.9	3.25	4.60	0.0	0.00	114.6	1.2	0.0	31.1	0.000	0.000	2.4805021679	2.300	0.180
20170708	2.6279259631	2.504	11.2	17.4	2.75	3.83	0.0	0.00	119.2	3.8	0.5	31.8	0.000	0.0928488552	2.5350771079	2.451	0.177
20170709	2.4098157560	2.159	1.0	16.3	2.87	3.97	0.0	0.00	117.0	0.4	0.0	30.2	0.000	0.000	2.409815756	2.247	0.163
20170710	2.2319713532	1.702	0.0	17.8	2.77	3.90	0.0	0.00	114.3	0.0	0.0	28.0	0.000	0.000	2.2319713532	2.081	0.151
20170711	2.1244392763	1.526	2.5	19.5	3.78	5.42	0.0	0.00	112.2	0.8	0.0	26.7	0.000	0.000	2.1244392763	1.983	0.142
20170712	1.9888929453	1.457	1.0	18.7	4.50	6.59	0.0	0.00	108.4	0.3	0.0	25.0	0.000	0.000	1.9888929453	1.857	0.132
20170713	2.0901116775	2.601	11.4	14.4	2.79	4.10	0.0	0.00	113.7	3.3	0.1	26.1	0.000	0.0103630315	2.079748646	1.961	0.129
20170714	2.0289107083	2.126	4.3	13.4	1.18	1.69	0.0	0.00	115.5	1.3	0.0	25.5	0.000	0.000	2.0289107083	1.907	0.122
20170715	1.8908441872	1.834	0.5	17.3	3.48	4.96	0.0	0.00	112.4	0.2	0.0	23.7	0.000	0.000	1.8908441872	1.778	0.113
20170716	1.7683788288	1.358	0.8	18.8	4.17	6.11	0.0	0.00	108.8	0.2	0.0	22.2	0.000	0.000	1.7683788288	1.663	0.105
20170717	1.8589415984	1.675	10.4	19.7	3.19	4.68	0.0	0.00	113.0	3.0	0.0	23.3	0.000	0.000	1.8589415984	1.756	0.103
20170718	1.7326150407	1.485	0.5	19.7	3.60	5.25	0.0	0.00	109.8	0.1	0.0	21.7	0.000	0.000	1.7326150407	1.637	0.095
20170719	1.6106803535	1.077	0.3	20.2	4.15	6.23	0.0	0.00	105.8	0.1	0.0	20.2	0.000	0.000	1.6106803535	1.522	0.088
20170720	1.4970851976	0.887	0.3	19.9	3.88	6.04	0.0	0.00	102.2	0.1	0.0	18.8	0.000	0.000	1.4970851976	1.415	0.082
20170721	1.3866003101	0.718	0.0	19.6	4.41	7.11	0.0	0.00	97.8	0.0	0.0	17.4	0.000	0.000	1.3866003101	1.311	0.076
20170722	1.2883520999	0.594	0.3	18.6	3.39	5.71	0.0	0.00	94.6	0.1	0.0	16.2	0.000	0.000	1.2883520999	1.218	0.070
20170723	1.1969458214	0.516	0.3	16.9	3.13	5.45	0.0	0.00	91.7	0.0	0.0	15.0	0.000	0.000	1.1969458214	1.132	0.065
20170724	1.3155767742	1.085	15.2	12.5	2.62	4.41	0.0	0.00	101.5	2.8	0.0	16.5	0.000	0.000	1.3155767742	1.251	0.065
20170725	1.2657804334	1.404	3.0	13.5	2.73	4.39	0.0	0.00	101.1	0.6	0.0	15.9	0.000	0.000	1.2657804334	1.205	0.061
20170726	1.1799607945	0.819	0.5	15.9	3.53	5.75	0.0	0.00	98.0	0.1	0.0	14.8	0.000	0.000	1.1799607945	1.124	0.056
20170727	1.1066014437	0.717	1.0	16.8	2.90	4.87	0.0	0.00	95.9	0.2	0.0	13.9	0.000	0.000	1.1066014437	1.054	0.052
20170728	1.0443138199	0.614	1.5	14.9	3.81	6.51	0.0	0.00	93.4	0.3	0.0	13.1	0.000	0.000	1.0443138199	0.995	0.049
20170729	0.9672434600	0.451	0.0	14.7	2.86	5.05	0.0	0.00	90.5	0.0	0.0	12.1	0.000	0.000	0.96724346	0.922	0.045
20170730	0.8958608926	0.361	0.0	15.8	3.99	7.27	0.0	0.00	86.5	0.0	0.0	11.2	0.000	0.000	0.8958608926	0.854	0.042
20170731	0.8389144360	0.335	1.0	18.3	1.64	3.12	0.0	0.00	85.7	0.1	0.0	10.5	0.000	0.000	0.838914436	0.800	0.039
20170801	0.7796748547	0.306	0.3	18.9	2.08	4.00	0.0	0.00	83.9	0.0	0.0	9.8	0.000	0.000	0.7796748547	0.743	0.036
20170802	0.7221348504	0.233	0.0	19.7	2.25	4.43	0.0	0.00	81.7	0.0	0.0	9.1	0.000	0.000	0.7221348504	0.689	0.034
20170803	0.7706932065	0.809	11.2	19.8	3.35	6.39	0.0	0.00	88.1	1.4	0.0	9.7	0.000	0.000	0.7706932065	0.738	0.033
20170804	0.7235527249	0.534	1.0	19.7	3.12	5.81	0.0	0.00	85.9	0.1	0.0	9.1	0.000	0.000	0.7235527249	0.693	0.030
20170805	1.5571980208	3.876	35.6	16.1	2.56	4.22	0.0	0.00	111.6	7.3	3.4	11.4	0.000	0.649407487	0.9077905338	1.519	0.038
20170806	1.2380646436	1.810	2.8	13.7	4.24	6.21	0.0	0.00	109.4	0.8	0.8	13.5	0.000	0.1596330512	1.0784315924	1.205	0.033
20170807	1.1436797628	1.045	4.1	15.1	3.62	5.39	0.0	0.00	108.7	1.1	0.0	14.4	0.000	0.000	1.1436797628	1.113	0.031
20170808	1.0882845668	0.939	1.5	15.0	4.31	6.51	0.0	0.00	105.5	0.4	0.0	13.7	0.000	0.000	1.0882845668	1.060	0.029
20170809	1.0307511838	0.635	1.3	16.1	4.13	6.43	0.0	0.00	102.4	0.3	0.0	12.9	0.000	0.000	1.0307511838	1.004	0.027
20170810	0.9625860551	0.474	0.5	18.1	2.54	4.09	0.0	0.00	100.3	0.1	0.0	12.1	0.000	0.000	0.9625860551	0.938	0.025
20170811	0.8959756311	0.411	0.3	18.9	3.21	5.28	0.0	0.00	97.3	0.1	0.0	11.2	0.000	0.000	0.8959756311	0.873	0.023
20170812	1.0468356645	0.846	13.7	18.5	2.04	3.28	0.0	0.00	106.0	2.9	0.0	13.1	0.000	0.000	1.0468356645	1.024	0.023
20170813	1.0446916840	0.794	4.1	16.4	2.17	3.34	0.0	0.00	106.9	1.0	0.0	13.1	0.000	0.000	1.044691684	1.022	0.022
20170814	0.9766760146	0.488	0.5	16.7	2.84	4.38	0.0	0.00	104.4	0.1	0.0	12.3	0.000	0.000	0.9766760146	0.956	0.021
20170815	1.4835501888	1.252	19.1	17.7	3.01	4.47	0.0	0.00	115.2	5.4	1.8	14.3	0.000	0.3413168641	1.1422333248	1.460	0.023
20170816	1.2132864194	1.054	1.0	13.4	2.85	4.06	0.0	0.00	113.0	0.3	0.0	15.2	0.000	0.000	1.2132864194	1.193	0.020
20170817	1.1237458816	0.559	0.0	14.0	2.56	3.74	0.0	0.00	110.5	0.0	0.0	14.1	0.000	0.000	1.1237458816	1.105	0.019
20170818	1.5032556468	1.676	14.7	15.0	1.73	2.46	0.0	0.00	118.8	4.6	1.2	16.0	0.000	0.2248062112	1.2784494355	1.483	0.021
20170819	1.3045461630	1.056	1.3	18.5	3.91	5.41	0.0	0.00	115.7	0.5	0.0	16.4	0.000	0.000	1.304546163	1.286	0.018
20170820	1.2317500730	0.738	1.0	16.9	3.99	5.67	0.0	0.00	112.4	0.3	0.0	15.5	0.000	0.000	1.231750073	1.215	0.017
20170821	1.1515372164	0.521	0.5	18.8	3.39	4.97	0.0	0.00	109.4	0.1	0.0	14.5	0.000	0.000	1.1515372164	1.136	0.016
20170822	1.1993331736	0.592	6.4	20.2	3.22	4.75	0.0	0.00	110.8	1.8	0.0	15.1	0.000	0.000	1.1993331736	1.184	0.016
20170823	1.1210144242	0.589	0.5	15.4	3.75	5.58	0.0	0.00	107.4	0.1	0.0	14.1	0.000	0.000	1.1210144242	1.106	0.015
20170824	1.0382835597	0.389	0.0	13.8	3.22	4.95	0.0	0.00	104.2	0.0	0.0	13.0	0.000	0.000	1.0382835597	1.025	0.013
20170825	0.9616582330	0.340	0.0	12.4	2.49	3.94	0.0	0.00	101.7	0.0	0.0	12.1	0.000	0.000	0.961658233	0.949	0.012
20170826	0.8906878554	0.309	0.0	12.4	2.61	4.24	0.0	0.00	99.1	0.0	0.0	11.2	0.000	0.000	0.8906878554	0.879	0.012
20170827	0.8249550917	0.263	0.0	13.2	3.06	5.09	0.0	0.00	96.0	0.0	0.0	10.4	0.000	0.000	0.8249550917	0.814	0.011
20170828	0.7640734059	0.216	0.0	13.8	3.15	5.42	0.0	0.00	92.9	0.0	0.0	9.6	0.000	0.000	0.7640734059	0.754	0.010
20170829	0.7076847886	0.198	0.0	13.0	2.29	4.06	0.0	0.00	90.6	0.0	0.0	8.9	0.000	0.000	0.7076847886	0.699	0.009
20170830	0.6554576512	0.178	0.0	13.9	2.64	4.80	0.0	0.00	87.9	0.0	0.0	8.2	0.000	0.000	0.6554576512	0.647	0.008
20170831	0.6070848765	0.172	0.0	11.5	1.74	3.27	0.0	0.00	86.2	0.0	0.0	7.6	0.000	0.000	0.6070848765	0.599	0.008
20170901	0.5622820126	0.174	0.0	7.7	3.07	5.87	0.0	0.00	83.1	0.0	0.0	7.1	0.000	0.000	0.5622820126	0.555	0.007
20170902	0.5207856001	0.145	0.0	10.0	2.82	5.60	0.0	0.00	80.3	0.0	0.0	6.5	0.000	0.000	0.5207856001	0.514	0.007
20170903	1.0468708042	1.340	32.0	10.2	1.66	2.92	0.0	0.00	105.4	5.3	1.7	9.0	0.000	0.3268831814	0.7199876228	1.038	0.009
20170904	0.8616335636	1.861	3.8	14.7	3.16	4.88	0.0	0.00	105.1	0.9	0.0	10.8	0.000	0.000	0.8616335636	0.854	0.008
20170905	1.1758997869	2.189	15.0	14.6	2.08	3.10	0.0	0.00	113.9	4.1	0.7	13.0	0.000	0.1402187803	1.0356810066	1.168	0.008
20170906	1.1443190399	1.723	5.6	12.8	1.58	2.26	0.0	0.00	116.2	1.8	0.0	14.4	0.000	0.000	1.1443190399	1.136	0.008
20170907	1.2251193318	1.505	6.6	12.7	2.49	3.47	0.0	0.00	118.0	2.2	0.0	15.4	0.000	0.000	1.2251193318	1.217	0.008
20170908	1.1597250646	1.122	1.0	11.4	2.17	3.03	0.0	0.00	116.5	0.3	0.0	14.6	0.000	0.000	1.1597250646	1.152	0.007
20170909	1.1103618579	0.983	1.5	11.4	3.24	4.57	0.0	0.00	114.3	0.5	0.0	13.9	0.000	0.000	1.1103618579	1.103	0.007
20170910	1.0578582435	0.746	1.3	11.8	2.48	3.57	0.0	0.00	112.7	0.4	0.0	13.3	0.000	0.000	1.0578582435	1.051	0.006
20170911	0.9862542953	0.548	0.3	14.0	2.87	4.19	0.0	0.00	110.1	0.1	0.0	12.4	0.000	0.000	0.9862542953	0.980	0.006
20170912	0.9194558662	0.440	0.3	14.8	3.17	4.74	0.0	0.00	107.1	0.1	0.0	11.5	0.000	0.000	0.9194558662	0.914	0.006
20170913	0.8516000232	0.368	0.0	16.3	3.00	4.62	0.0	0.00	104.1	0.0	0.0	10.7	0.000	0.000	0.8516000232	0.846	0.005
20170914	0.7887519415	0.350	0.0	16.5	1.79	2.84	0.0	0.00	102.3	0.0	0.0	9.9	0.000	0.000	0.7887519415	0.784	0.005
20170915	0.7305420482	0.308	0.0	19.5	2.42	3.90	0.0	0.00	99.9	0.0	0.0	9.2	0.000	0.000	0.7305420482	0.726	0.004
20170916	0.6766280451	0.275	0.0	19.2	2.52	4.17	0.0	0.00	97.4	0.0	0.0	8.5	0.000	0.000	0.6766280451	0.673	0.004
20170917	0.6266928954	0.257	0.0	18.3	2.39	4.05	0.0	0.00	95.0	0.0	0.0	7.9	0.000	0.000	0.6266928954	0.623	0.004
20170918	0.5804429597	0.236	0.0	19.6	1.44	2.50	0.0	0.00	93.6	0.0	0.0	7.3	0.000	0.000	0.5804429597	0.577	0.004
20170919	0.5376062693	0.217	0.0	18.2	0.94	1.65	0.0	0.00	92.6	0.0	0.0	6.7	0.000	0.000	0.5376062693	0.534	0.003
20170920	0.4979309266	0.201	0.0	18.3	2.28	4.07	0.0	0.00	90.3	0.0	0.0	6.2	0.000	0.000	0.4979309266	0.495	0.003
20170921	0.4643467963	0.166	0.3	17.6	2.72	4.97	0.0	0.00	87.9	0.0	0.0	5.8	0.000	0.000	0.4643467963	0.462	0.003
20170922	0.4300780027	0.131	0.0	16.6	2.20	4.13	0.0	0.00	85.7	0.0	0.0	5.4	0.000	0.000	0.4300780027	0.427	0.003
20170923	0.3983382461	0.125	0.0	17.7	1.88	3.62	0.0	0.00	83.8	0.0	0.0	5.0	0.000	0.000	0.3983382461	0.396	0.002
20170924	0.3689408836	0.118	0.0	21.6	2.09	4.12	0.0	0.00	81.7	0.0	0.0	4.6	0.000	0.000	0.3689408836	0.367	0.002
20170925	0.3417130464	0.119	0.0	22.5	2.26	4.57	0.0	0.00	79.4	0.0	0.0	4.3	0.000	0.000	0.3417130464	0.340	0.002
20170926	0.3164946235	0.147	0.0	22.2	1.89	3.92	0.0	0.00	77.5	0.0	0.0	4.0	0.000	0.000	0.3164946235	0.315	0.002
20170927	0.3062643027	0.121	2.0	22.1	1.80	3.79	0.0	0.00	77.6	0.2	0.0	3.8	0.000	0.000	0.3062643027	0.304	0.002
20170928	0.2934531924	0.141	1.5	13.0	2.11	4.44	0.0	0.00	76.8	0.1	0.0	3.7	0.000	0.000	0.2934531924	0.292	0.002
20170929	0.2717963468	0.133	0.0	8.1	1.97	4.22	0.0	0.00	74.9	0.0	0.0	3.4	0.000	0.000	0.2717963468	0.270	0.002
20170930	0.2534617035	0.147	0.3	6.8	0.84	1.84	0.0	0.00	74.3	0.0	0.0	3.2	0.000	0.000	0.2534617035	0.252	0.001
