Date	Qsim	Qobs	Precipitation	Temperature	AET	PET	Snow	Snowcover	SM	Recharge	SUZ	SLZ	Q0	Q1	Q2	Qsim_rain	Qsim_snow
20151001	2.1747753830	1.116	0.0	7.9	1.75	2.27	0.0	0.00	85.5	0.0	8.3	12.0	0.000	1.1813292539	0.9934461292	2.174	0.001
20151002	1.8015321087	0.592	0.0	5.9	1.27	1.68	0.0	0.00	84.2	0.0	4.5	13.9	0.000	0.647469023	1.1540630857	1.801	0.001
20151003	1.4827371895	0.452	0.0	6.2	1.42	1.91	0.0	0.00	82.8	0.0	1.3	15.7	0.000	0.1803786849	1.3023585046	1.482	0.001
20151004	1.2992504283	0.376	0.0	6.4	1.39	1.90	0.0	0.00	81.4	0.0	0.0	15.6	0.000	0.000	1.2992504283	1.299	0.001
20151005	1.1995799869	0.340	0.0	7.3	1.66	2.30	0.0	0.00	79.8	0.0	0.0	14.4	0.000	0.000	1.1995799869	1.199	0.000
20151006	1.1107533398	0.319	0.1	8.6	1.96	2.77	0.0	0.00	77.9	0.0	0.0	13.4	0.000	0.000	1.1107533398	1.110	0.000
20151007	1.0255432269	0.314	0.0	10.8	1.41	2.04	0.0	0.00	76.5	0.0	0.0	12.3	0.000	0.000	1.0255432269	1.025	0.000
20151008	0.9468699058	0.308	0.0	7.1	1.22	1.80	0.0	0.00	75.2	0.0	0.0	11.4	0.000	0.000	0.9468699058	0.947	0.000
20151009	1.6233236039	1.196	17.1	7.1	0.85	1.19	0.0	0.00	84.3	7.2	3.6	13.4	0.000	0.5122637024	1.1110599015	1.623	0.000
20151010	1.3420915380	0.728	0.3	4.9	1.55	2.07	0.0	0.00	82.9	0.1	0.6	15.2	0.000	0.0794372798	1.2626542582	1.342	0.000
20151011	1.2084215181	0.533	0.0	9.3	1.59	2.16	0.0	0.00	81.3	0.0	0.0	14.5	0.000	0.000	1.2084215181	1.208	0.000
20151012	1.1157189079	0.467	0.0	13.4	1.68	2.34	0.0	0.00	79.6	0.0	0.0	13.4	0.000	0.000	1.1157189079	1.115	0.000
20151013	1.1939669126	0.469	5.0	13.2	1.13	1.58	0.0	0.00	81.4	2.1	0.0	14.4	0.000	0.000	1.1939669126	1.194	0.000
20151014	1.2692372827	0.666	4.9	6.0	1.28	1.74	0.0	0.00	82.8	2.2	0.0	15.3	0.000	0.000	1.2692372827	1.269	0.000
20151015	1.1718692638	0.539	0.0	6.4	1.59	2.16	0.0	0.00	81.2	0.0	0.0	14.1	0.000	0.000	1.1718692638	1.172	0.000
20151016	1.1553932664	0.553	2.2	4.2	1.53	2.11	0.0	0.00	81.0	1.0	0.0	13.9	0.000	0.000	1.1553932664	1.155	0.000
20151017	1.3192815219	0.594	7.2	-0.6	1.69	2.30	0.0	0.00	83.3	3.2	0.1	15.7	0.000	0.0156948798	1.3035866421	1.319	0.000
20151018	1.2120062606	0.564	0.8	-3.3	0.80	1.09	0.6	1.00	82.5	0.0	0.0	14.6	0.000	0.000	1.2120062606	1.212	0.000
20151019	1.1190286511	0.516	0.8	-2.3	0.00	2.01	1.2	1.00	82.5	0.0	0.0	13.5	0.000	0.000	1.1190286511	1.119	0.000
20151020	1.0878596977	0.569	0.4	7.1	0.00	1.33	0.0	0.00	83.3	0.7	0.0	13.1	0.000	0.000	1.0878596977	1.087	0.001
20151021	1.0356560308	0.528	0.9	9.6	0.99	1.34	0.0	0.00	82.8	0.4	0.0	12.5	0.000	0.000	1.0356560308	1.034	0.001
20151022	0.9905383390	0.495	1.0	10.5	0.83	1.12	0.0	0.00	82.6	0.4	0.0	11.9	0.000	0.000	0.990538339	0.989	0.002
20151023	0.9247856937	0.459	0.3	1.8	0.67	0.92	0.0	0.00	82.1	0.1	0.0	11.1	0.000	0.000	0.9247856937	0.923	0.002
20151024	0.8538418662	0.416	0.0	1.6	1.43	1.97	0.0	0.00	80.6	0.0	0.0	10.3	0.000	0.000	0.8538418662	0.852	0.002
20151025	0.9147069940	0.519	3.8	6.4	1.11	1.54	0.0	0.00	81.7	1.6	0.0	11.0	0.000	0.000	0.914706994	0.912	0.003
20151026	0.8712789395	0.476	0.8	1.8	1.04	1.44	0.0	0.00	81.1	0.3	0.0	10.5	0.000	0.000	0.8712789395	0.868	0.003
20151027	0.8044398186	0.432	0.0	2.4	0.75	1.05	0.0	0.00	80.3	0.0	0.0	9.7	0.000	0.000	0.8044398186	0.801	0.003
20151028	1.6512560536	0.944	18.0	3.1	0.73	0.97	0.0	0.00	89.1	8.5	4.7	11.8	0.000	0.6716998856	0.979556168	1.639	0.013
20151029	2.5139560356	3.926	16.9	10.5	1.42	1.72	0.0	0.00	95.3	9.4	9.6	13.7	0.000	1.3727173594	1.1412386762	2.493	0.020
20151030	2.2148553108	1.432	1.5	1.2	0.88	1.04	0.0	0.00	95.0	0.9	6.5	15.5	0.000	0.9243374065	1.2905179044	2.197	0.018
20151031	1.8509644981	1.030	0.0	1.8	1.11	1.32	0.0	0.00	93.9	0.0	3.0	17.2	0.000	0.4226191429	1.4283453552	1.836	0.015
20151101	1.6029668246	0.931	0.9	5.2	0.70	0.84	0.0	0.00	93.6	0.5	0.3	18.7	0.000	0.0473672865	1.5555995381	1.591	0.012
20151102	1.4832605349	0.828	0.5	5.7	1.25	1.50	0.0	0.00	92.5	0.3	0.0	17.9	0.000	0.000	1.4832605349	1.472	0.011
20151103	1.3737008462	0.793	0.1	8.2	0.86	1.05	0.0	0.00	91.7	0.1	0.0	16.5	0.000	0.000	1.3737008462	1.363	0.011
20151104	1.2683190301	0.746	0.0	7.5	1.02	1.26	0.0	0.00	90.7	0.0	0.0	15.3	0.000	0.000	1.2683190301	1.258	0.010
20151105	1.1710214539	0.736	0.0	11.9	1.21	1.51	0.0	0.00	89.5	0.0	0.0	14.1	0.000	0.000	1.1710214539	1.162	0.009
20151106	1.0851575810	0.721	0.1	14.4	1.27	1.60	0.0	0.00	88.3	0.1	0.0	13.1	0.000	0.000	1.085157581	1.077	0.008
20151107	1.0640584679	0.692	1.6	6.7	1.20	1.53	0.0	0.00	87.9	0.8	0.0	12.8	0.000	0.000	1.0640584679	1.056	0.008
20151108	1.0054404533	0.691	0.6	1.1	1.29	1.66	0.0	0.00	86.9	0.3	0.0	12.1	0.000	0.000	1.0054404533	0.998	0.008
20151109	0.9283092924	0.660	0.0	3.9	0.73	0.95	0.0	0.00	86.1	0.0	0.0	11.2	0.000	0.000	0.9283092924	0.921	0.007
20151110	0.8570951562	0.636	0.0	5.1	1.03	1.35	0.0	0.00	85.1	0.0	0.0	10.3	0.000	0.000	0.8570951562	0.850	0.007
20151111	0.8094044791	0.642	0.5	6.2	0.71	0.94	0.0	0.00	84.7	0.2	0.0	9.7	0.000	0.000	0.8094044791	0.803	0.006
20151112	1.1989980239	0.860	9.8	5.4	1.00	1.30	0.0	0.00	88.7	4.8	1.5	11.8	0.000	0.2148580535	0.9841399705	1.190	0.009
20151113	1.7390513229	1.728	11.8	3.6	1.21	1.49	0.0	0.00	92.9	6.3	4.2	13.8	0.000	0.5935804851	1.1454708378	1.726	0.013
20151114	1.4276553864	1.754	4.9	-1.4	1.29	1.56	3.7	1.00	91.6	0.0	0.9	15.6	0.000	0.1332299857	1.2944254007	1.417	0.011
20151115	1.3619754271	1.139	0.2	0.3	0.00	1.24	1.6	1.00	92.7	1.2	0.0	16.4	0.000	0.000	1.3619754271	1.350	0.012
20151116	1.3680192220	1.105	1.0	0.3	0.00	0.98	0.0	0.00	93.8	1.4	0.0	16.5	0.000	0.000	1.368019222	1.352	0.016
20151117	1.2630732649	0.978	0.0	-0.8	0.67	0.81	0.0	0.00	93.1	0.0	0.0	15.2	0.000	0.000	1.2630732649	1.248	0.015
20151118	1.1661781113	0.876	0.0	0.7	1.01	1.22	0.0	0.00	92.1	0.0	0.0	14.0	0.000	0.000	1.1661781113	1.152	0.014
20151119	1.3613555520	0.909	6.2	5.3	0.89	1.07	0.0	0.00	94.0	3.5	0.3	15.8	0.000	0.0478114115	1.3135441405	1.337	0.025
20151120	1.6672367572	2.448	7.7	2.6	0.58	0.69	0.0	0.00	96.6	4.5	1.5	17.4	0.000	0.217631596	1.4496051612	1.629	0.039
20151121	1.4551931276	1.382	0.0	-0.1	1.07	1.25	0.0	0.00	95.5	0.0	0.0	17.5	0.000	0.000	1.4551931276	1.423	0.032
20151122	1.3525347588	1.177	0.2	2.4	0.91	1.08	0.0	0.00	94.7	0.1	0.0	16.3	0.000	0.000	1.3525347588	1.322	0.030
20151123	1.2487766738	1.032	1.6	-5.1	0.79	0.94	1.2	1.00	93.9	0.0	0.0	15.0	0.000	0.000	1.2487766738	1.221	0.028
20151124	1.1529782660	0.903	0.0	-7.0	0.00	0.38	1.2	1.00	93.9	0.0	0.0	13.9	0.000	0.000	1.152978266	1.127	0.026
20151125	1.0645289185	0.904	0.0	-3.3	0.00	0.52	1.2	1.00	93.9	0.0	0.0	12.8	0.000	0.000	1.0645289185	1.041	0.024
20151126	1.0350496953	0.903	0.0	1.1	0.00	0.48	0.0	0.00	94.4	0.7	0.0	12.5	0.000	0.000	1.0350496953	1.010	0.025
20151127	0.9951695136	0.918	0.9	5.7	1.00	1.19	0.0	0.00	93.8	0.5	0.0	12.0	0.000	0.000	0.9951695136	0.970	0.025
20151128	0.9709558738	1.010	1.2	0.3	0.88	1.05	0.0	0.00	93.5	0.7	0.0	11.7	0.000	0.000	0.9709558738	0.946	0.025
20151129	0.8964701562	0.903	0.6	-5.4	0.24	0.29	0.4	1.00	93.2	0.0	0.0	10.8	0.000	0.000	0.8964701562	0.873	0.023
20151130	0.8276985212	0.793	0.1	-6.7	0.00	0.22	0.5	1.00	93.2	0.0	0.0	10.0	0.000	0.000	0.8276985212	0.806	0.022
20151201	0.7642026199	0.886	8.2	-4.3	0.00	0.65	6.7	1.00	93.2	0.0	0.0	9.2	0.000	0.000	0.7642026199	0.744	0.020
20151202	2.4320345851	3.150	19.8	1.5	0.00	0.72	2.0	1.00	102.7	15.0	10.4	11.3	0.000	1.4896288673	0.9424057178	2.276	0.156
20151203	3.0109735623	2.823	9.4	1.1	0.00	1.31	0.0	0.00	106.2	7.9	13.3	13.3	0.000	1.904035384	1.1069381784	2.797	0.214
20151204	2.8349032059	1.756	3.3	-0.6	1.09	1.15	0.0	0.00	106.1	2.4	11.0	15.2	0.000	1.5760544778	1.2588487281	2.633	0.202
20151205	2.4631316582	1.641	0.8	0.4	0.80	0.85	0.0	0.00	105.5	0.6	7.4	16.8	0.000	1.0640260163	1.3991056419	2.289	0.174
20151206	2.0734398144	1.519	0.0	-0.1	0.89	0.95	0.0	0.00	104.6	0.0	3.8	18.4	0.000	0.5448369	1.5286029145	1.930	0.144
20151207	1.7387487190	1.415	0.0	-0.7	1.11	1.20	0.0	0.00	103.5	0.0	0.6	19.8	0.000	0.0905827602	1.6481659588	1.621	0.118
20151208	1.5703404077	1.357	0.5	-2.1	0.38	0.41	0.4	1.00	103.1	0.0	0.0	18.9	0.000	0.000	1.5703404077	1.464	0.106
20151209	1.4692723486	1.346	0.0	0.4	0.00	0.68	0.0	0.00	103.2	0.3	0.0	17.7	0.000	0.000	1.4692723486	1.370	0.100
20151210	1.3565588791	1.485	0.0	4.2	0.68	0.74	0.0	0.00	102.6	0.0	0.0	16.3	0.000	0.000	1.3565588791	1.265	0.092
20151211	1.2524920885	1.555	0.0	5.2	0.59	0.65	0.0	0.00	102.0	0.0	0.0	15.1	0.000	0.000	1.2524920885	1.168	0.085
20151212	1.1716169784	1.411	0.3	3.6	0.30	0.33	0.0	0.00	101.8	0.2	0.0	14.1	0.000	0.000	1.1716169784	1.092	0.080
20151213	1.0968918912	1.283	0.3	1.4	0.79	0.88	0.0	0.00	101.1	0.2	0.0	13.2	0.000	0.000	1.0968918912	1.022	0.075
20151214	1.0877190491	1.250	1.5	3.7	0.58	0.64	0.0	0.00	101.0	1.0	0.0	13.1	0.000	0.000	1.0877190491	1.012	0.076
20151215	1.7250846729	2.227	10.4	3.7	0.49	0.54	0.0	0.00	104.0	7.0	3.4	14.9	0.000	0.4839807015	1.2411039714	1.599	0.126
20151216	1.4200599987	1.702	0.8	-1.5	0.87	0.95	0.6	1.00	103.1	0.0	0.3	16.6	0.000	0.0373378457	1.382722153	1.317	0.103
20151217	1.6650840262	1.604	5.3	2.1	0.00	0.60	0.0	0.00	105.0	4.0	1.1	18.2	0.000	0.1516077609	1.5134762653	1.542	0.124
20151218	1.5753240954	2.089	1.8	1.3	0.95	1.02	0.0	0.00	104.6	1.3	0.0	19.0	0.000	0.000	1.5753240954	1.458	0.117
20151219	1.4544749931	1.610	5.8	-4.2	0.76	0.82	4.3	1.00	103.8	0.0	0.0	17.5	0.000	0.000	1.4544749931	1.346	0.108
20151220	1.3428966850	1.473	0.5	-6.5	0.00	0.36	4.7	1.00	103.8	0.0	0.0	16.2	0.000	0.000	1.342896685	1.243	0.100
20151221	1.2398779732	1.446	1.3	-3.4	0.00	0.58	5.7	1.00	103.8	0.0	0.0	14.9	0.000	0.000	1.2398779732	1.148	0.092
20151222	3.3930735597	4.738	20.6	2.7	0.00	0.24	0.0	0.00	110.9	19.2	14.1	16.6	0.000	2.0114833539	1.3815902058	3.069	0.324
20151223	3.6608600925	3.627	7.9	4.8	1.00	1.01	0.0	0.00	111.6	6.2	15.0	18.2	0.000	2.1484289385	1.5124311541	3.310	0.350
20151224	4.0312063182	5.496	9.1	7.1	1.04	1.04	0.0	0.00	112.5	7.2	16.8	19.7	0.000	2.3979715226	1.6332347956	3.650	0.381
20151225	3.4567169882	3.355	0.0	3.7	1.27	1.27	0.0	0.00	111.2	0.0	12.0	21.0	0.000	1.7119458578	1.7447711304	3.132	0.325
20151226	2.9594725034	2.822	0.0	-0.1	1.45	1.48	0.0	0.00	109.7	0.0	7.8	22.2	0.000	1.1117214147	1.8477510887	2.683	0.277
20151227	2.5293980983	4.305	11.7	-1.5	0.72	0.74	8.8	1.00	109.0	0.0	4.1	23.4	0.000	0.5865670355	1.9428310628	2.294	0.235
20151228	2.1577107987	3.357	1.8	-8.5	0.00	0.69	10.1	1.00	109.0	0.0	0.9	24.4	0.000	0.1270937082	2.0306170905	1.958	0.199
20151229	1.9430459756	3.062	26.9	-8.4	0.00	0.26	30.3	1.00	109.0	0.0	0.0	23.4	0.000	0.000	1.9430459756	1.764	0.179
20151230	1.7939875294	2.735	3.3	-4.0	0.00	1.10	32.7	1.00	109.0	0.0	0.0	21.6	0.000	0.000	1.7939875294	1.629	0.165
20151231	1.6563639235	2.643	3.3	-1.4	0.00	0.60	35.2	1.00	109.0	0.0	0.0	19.9	0.000	0.000	1.6563639235	1.504	0.153
20160101	1.5292979477	2.500	2.8	-3.1	0.00	0.77	37.3	1.00	109.0	0.0	0.0	18.4	0.000	0.000	1.5292979477	1.388	0.141
20160102	1.4119796863	2.339	0.8	-4.5	0.00	0.84	37.9	1.00	109.0	0.0	0.0	17.0	0.000	0.000	1.4119796863	1.282	0.130
20160103	1.3036613548	2.225	1.8	-5.0	0.00	0.53	39.3	1.00	109.0	0.0	0.0	15.7	0.000	0.000	1.3036613548	1.183	0.120
20160104	1.2036525344	2.115	1.0	-13.8	0.00	0.76	40.0	1.00	109.0	0.0	0.0	14.5	0.000	0.000	1.2036525344	1.093	0.111
20160105	1.1113157710	2.022	0.3	-17.5	0.00	1.25	40.2	1.00	109.0	0.0	0.0	13.4	0.000	0.000	1.111315771	1.009	0.102
20160106	1.0260625119	1.919	0.0	-10.3	0.00	0.64	40.2	1.00	109.0	0.0	0.0	12.3	0.000	0.000	1.0260625119	0.931	0.095
20160107	0.9473493545	1.800	0.0	-5.6	0.00	0.70	40.2	1.00	109.0	0.0	0.0	11.4	0.000	0.000	0.9473493545	0.860	0.087
20160108	0.8746745827	1.753	0.0	-5.2	0.00	0.85	40.2	1.00	109.0	0.0	0.0	10.5	0.000	0.000	0.8746745827	0.794	0.081
20160109	0.8075749691	1.727	0.0	-0.6	0.00	0.59	40.2	1.00	109.0	0.0	0.0	9.7	0.000	0.000	0.8075749691	0.733	0.074
20160110	4.0266055057	6.849	31.5	2.0	0.00	0.37	37.3	1.00	116.0	27.4	21.3	11.8	0.000	3.0441546966	0.9824508091	3.598	0.429
20160111	3.4212221684	5.554	1.8	-5.9	0.00	1.44	38.7	1.00	116.0	0.0	15.9	13.8	0.000	2.27731091	1.1439112584	3.058	0.363
20160112	2.8993617292	3.136	0.3	-7.2	0.00	0.35	38.9	1.00	116.0	0.0	11.2	15.6	0.000	1.6063762666	1.2929854626	2.592	0.307
20160113	2.4499790287	2.619	3.3	-13.2	0.00	1.53	41.4	1.00	116.0	0.0	7.1	17.2	0.000	1.019355411	1.4306236177	2.191	0.259
20160114	2.0634562732	2.367	0.5	-13.2	0.00	0.87	41.8	1.00	116.0	0.0	3.5	18.7	0.000	0.5057532467	1.5577030265	1.847	0.217
20160115	1.7314209895	2.206	0.0	-9.7	0.00	0.73	41.8	1.00	116.0	0.0	0.4	20.2	0.000	0.056387299	1.6750336905	1.550	0.181
20160116	1.5767959101	2.124	4.6	-2.6	0.00	0.51	45.2	1.00	116.0	0.0	0.0	19.0	0.000	0.000	1.5767959101	1.412	0.165
20160117	1.4558338993	2.016	0.3	-7.1	0.00	1.26	45.4	1.00	116.0	0.0	0.0	17.5	0.000	0.000	1.4558338993	1.304	0.152
20160118	1.3441513443	1.878	5.3	-11.7	0.00	0.40	49.4	1.00	116.0	0.0	0.0	16.2	0.000	0.000	1.3441513443	1.204	0.141
20160119	1.2410363829	1.765	2.0	-15.4	0.00	0.67	50.9	1.00	116.0	0.0	0.0	14.9	0.000	0.000	1.2410363829	1.111	0.130
20160120	1.1458317623	1.637	1.3	-12.0	0.00	0.91	51.9	1.00	116.0	0.0	0.0	13.8	0.000	0.000	1.1458317623	1.026	0.120
20160121	1.0579306502	1.556	0.8	-13.8	0.00	0.90	52.5	1.00	116.0	0.0	0.0	12.7	0.000	0.000	1.0579306502	0.947	0.111
20160122	0.9767727667	1.458	0.0	-11.8	0.00	1.01	52.5	1.00	116.0	0.0	0.0	11.8	0.000	0.000	0.9767727667	0.875	0.102
20160123	0.9018408131	1.383	0.0	-11.0	0.00	1.07	52.5	1.00	116.0	0.0	0.0	10.9	0.000	0.000	0.9018408131	0.808	0.094
20160124	0.8326571746	1.268	0.0	-10.1	0.00	0.98	52.5	1.00	116.0	0.0	0.0	10.0	0.000	0.000	0.8326571746	0.746	0.087
20160125	0.7687808762	1.172	0.0	-6.0	0.00	1.19	52.5	1.00	116.0	0.0	0.0	9.3	0.000	0.000	0.7687808762	0.688	0.080
20160126	0.7098047715	1.156	1.8	-1.8	0.00	0.78	53.8	1.00	116.0	0.0	0.0	8.5	0.000	0.000	0.7098047715	0.636	0.074
20160127	0.6553529481	1.149	0.8	-5.7	0.00	1.47	54.4	1.00	116.0	0.0	0.0	7.9	0.000	0.000	0.6553529481	0.587	0.069
20160128	0.6050783311	1.122	0.3	-6.9	0.00	1.33	54.7	1.00	116.0	0.0	0.0	7.3	0.000	0.000	0.6050783311	0.542	0.063
20160129	0.5586604712	1.065	0.0	-3.2	0.00	1.00	54.7	1.00	116.0	0.0	0.0	6.7	0.000	0.000	0.5586604712	0.500	0.058
20160130	0.5158035019	1.028	0.0	-4.9	0.00	1.16	54.7	1.00	116.0	0.0	0.0	6.2	0.000	0.000	0.5158035019	0.462	0.054
20160131	0.4762342537	0.987	0.0	-0.2	0.00	0.95	54.7	1.00	116.0	0.0	0.0	5.7	0.000	0.000	0.4762342537	0.426	0.050
20160201	0.6108460234	1.314	0.0	2.1	0.00	0.76	52.0	1.00	116.4	2.2	0.0	7.4	0.000	0.000	0.6108460234	0.543	0.068
20160202	0.5639857019	1.256	0.0	-3.8	0.00	0.85	52.0	1.00	116.4	0.0	0.0	6.8	0.000	0.000	0.5639857019	0.501	0.063
20160203	0.5207202138	1.980	11.4	-1.8	0.00	0.43	60.6	1.00	116.4	0.0	0.0	6.3	0.000	0.000	0.5207202138	0.463	0.058
20160204	0.7308982818	2.251	0.5	1.2	0.00	0.93	57.3	1.00	117.0	3.2	0.1	8.6	0.000	0.0132965087	0.7176017731	0.638	0.092
20160205	0.6696874259	1.600	0.3	-5.4	0.00	0.87	57.5	1.00	117.0	0.0	0.0	8.1	0.000	0.000	0.6696874259	0.585	0.085
20160206	0.6183131566	1.293	0.0	-5.5	0.00	0.98	57.5	1.00	117.0	0.0	0.0	7.4	0.000	0.000	0.6183131566	0.540	0.078
20160207	0.5708800029	1.158	0.0	-3.7	0.00	0.48	57.5	1.00	117.0	0.0	0.0	6.9	0.000	0.000	0.5708800029	0.499	0.072
20160208	0.5270856269	1.029	1.5	-7.1	0.00	0.79	58.6	1.00	117.0	0.0	0.0	6.3	0.000	0.000	0.5270856269	0.461	0.067
20160209	0.4866508839	0.916	3.3	-6.8	0.00	0.50	61.1	1.00	117.0	0.0	0.0	5.9	0.000	0.000	0.4866508839	0.425	0.061
20160210	0.4493180439	0.894	1.0	-4.8	0.00	0.54	61.9	1.00	117.0	0.0	0.0	5.4	0.000	0.000	0.4493180439	0.393	0.057
20160211	0.4148491480	0.871	1.0	-14.5	0.00	0.30	62.6	1.00	117.0	0.0	0.0	5.0	0.000	0.000	0.414849148	0.362	0.052
20160212	0.3830244922	0.845	0.0	-16.6	0.00	0.35	62.6	1.00	117.0	0.0	0.0	4.6	0.000	0.000	0.3830244922	0.335	0.048
20160213	0.3536412267	0.838	1.3	-21.1	0.00	0.49	63.6	1.00	117.0	0.0	0.0	4.3	0.000	0.000	0.3536412267	0.309	0.045
20160214	0.3265120633	0.830	0.0	-25.3	0.00	0.67	63.6	1.00	117.0	0.0	0.0	3.9	0.000	0.000	0.3265120633	0.285	0.041
20160215	0.3014640812	0.823	0.0	-17.7	0.00	0.30	63.6	1.00	117.0	0.0	0.0	3.6	0.000	0.000	0.3014640812	0.263	0.038
20160216	0.2783376251	3.469	29.7	-1.9	0.00	0.39	85.8	1.00	117.0	0.0	0.0	3.3	0.000	0.000	0.2783376251	0.243	0.035
20160217	0.2569852873	3.215	0.0	-4.7	0.00	1.21	85.8	1.00	117.0	0.0	0.0	3.1	0.000	0.000	0.2569852873	0.225	0.032
20160218	0.2372709686	1.557	0.0	-10.4	0.00	1.16	85.8	1.00	117.0	0.0	0.0	2.9	0.000	0.000	0.2372709686	0.207	0.030
20160219	0.2190690103	1.329	4.8	-8.5	0.00	1.58	89.4	1.00	117.0	0.0	0.0	2.6	0.000	0.000	0.2190690103	0.191	0.028
20160220	0.3945066816	1.221	11.2	-0.5	0.00	0.87	97.7	1.00	117.4	2.5	0.0	4.7	0.000	0.000	0.3945066816	0.340	0.055
20160221	0.3642425737	1.322	2.3	-2.5	0.00	1.11	99.4	1.00	117.4	0.0	0.0	4.4	0.000	0.000	0.3642425737	0.314	0.051
20160222	0.3363001407	1.223	0.3	-10.1	0.00	1.45	99.7	1.00	117.4	0.0	0.0	4.0	0.000	0.000	0.3363001407	0.290	0.047
20160223	0.3105012780	1.108	0.0	-9.6	0.00	1.00	99.7	1.00	117.4	0.0	0.0	3.7	0.000	0.000	0.310501278	0.267	0.043
20160224	0.2866815441	2.554	32.5	-1.9	0.00	0.34	124.0	1.00	117.4	0.0	0.0	3.5	0.000	0.000	0.2866815441	0.247	0.040
20160225	3.3393897146	13.910	28.7	1.6	0.00	0.41	123.6	1.00	120.7	25.8	19.9	6.0	0.000	2.8378726149	0.5015170997	2.845	0.494
20160226	2.7967003286	5.036	1.0	-9.5	0.00	1.30	124.3	1.00	120.7	0.0	14.7	8.4	0.000	2.0968285258	0.6998718029	2.383	0.413
20160227	2.3314767744	3.619	0.0	-8.6	0.00	1.37	124.3	1.00	120.7	0.0	10.1	10.6	0.000	1.448466812	0.8830099624	1.987	0.344
20160228	2.3911489346	3.085	1.0	1.4	0.00	1.26	121.3	1.00	121.1	3.7	9.4	12.7	0.000	1.3390500374	1.0520988972	2.034	0.357
20160229	3.2087550314	3.157	4.8	1.7	0.00	1.26	115.5	1.00	122.0	9.7	14.0	14.5	0.000	2.0005386546	1.2082163768	2.695	0.514
20160301	2.7165774047	2.891	0.3	-7.6	0.00	0.66	115.8	1.00	122.0	0.0	9.5	16.3	0.000	1.3642199139	1.3523574908	2.283	0.434
20160302	2.2929265422	2.560	13.7	-7.6	0.00	0.59	126.0	1.00	122.0	0.0	5.6	17.9	0.000	0.8074855504	1.4854409918	1.928	0.365
20160303	1.9286970984	2.368	0.3	-14.5	0.00	0.69	126.3	1.00	122.0	0.0	2.2	19.4	0.000	0.3203819471	1.6083151513	1.623	0.306
20160304	1.6568691750	2.204	0.0	-13.0	0.00	0.48	126.3	1.00	122.0	0.0	0.0	19.9	0.000	0.000	1.656869175	1.395	0.262
20160305	1.5297644395	1.984	0.0	-10.4	0.00	0.90	126.3	1.00	122.0	0.0	0.0	18.4	0.000	0.000	1.5297644395	1.288	0.242
20160306	1.4124103917	1.821	0.0	-5.6	0.00	0.94	126.3	1.00	122.0	0.0	0.0	17.0	0.000	0.000	1.4124103917	1.189	0.223
20160307	1.3040590191	1.791	2.8	-3.1	0.00	0.21	128.4	1.00	122.0	0.0	0.0	15.7	0.000	0.000	1.3040590191	1.098	0.206
20160308	1.2943323600	1.792	0.0	3.1	0.00	1.15	127.1	1.00	122.1	1.2	0.0	15.6	0.000	0.000	1.29433236	1.087	0.207
20160309	3.6994402920	3.496	0.0	8.8	0.00	1.18	104.4	1.00	123.5	21.2	15.9	17.2	0.000	2.2675731026	1.4318671895	2.748	0.951
20160310	6.3962439216	9.592	15.5	4.1	0.00	0.54	92.8	1.00	124.7	25.9	33.8	18.8	0.000	4.8373927225	1.5588511991	4.477	1.920
20160311	5.5223624600	8.586	1.5	-0.8	0.00	0.70	94.0	1.00	124.7	0.0	26.9	20.2	0.000	3.8462686775	1.6760937825	3.877	1.646
20160312	5.9218551754	6.622	0.0	3.3	0.00	1.08	84.4	1.00	125.0	9.3	28.9	21.5	0.000	4.137512934	1.7843422414	4.077	1.844
20160313	6.0646134463	6.679	0.0	2.5	0.00	1.41	76.6	1.00	125.2	7.6	29.2	22.7	0.000	4.180326897	1.8842865493	4.098	1.967
20160314	5.2479458163	5.417	4.8	-1.4	0.00	0.45	80.2	1.00	125.2	0.0	22.9	23.8	0.000	3.271382067	1.9765637493	3.557	1.691
20160315	5.8258742564	5.389	1.3	3.3	0.00	0.27	70.9	1.00	125.5	10.3	26.3	24.8	0.000	3.7641122421	2.0617620143	3.806	2.020
20160316	8.0247713184	7.689	5.8	7.0	0.00	1.05	52.4	1.00	126.0	23.8	41.2	25.8	0.000	5.8843469219	2.1404243965	4.814	3.210
20160317	9.0187246232	8.940	1.3	5.7	0.00	0.99	37.1	1.00	126.3	16.3	47.6	26.6	0.000	6.8056723351	2.2130522881	5.141	3.877
20160318	7.8484842005	6.288	1.8	-2.7	0.00	0.98	38.5	1.00	126.3	0.0	39.0	27.4	0.000	5.5683755826	2.280108618	4.492	3.356
20160319	6.8278483218	5.130	0.5	-6.2	0.00	1.17	38.8	1.00	126.3	0.0	31.4	28.2	0.000	4.4858275201	2.3420208018	3.924	2.903
20160320	5.9378571972	4.577	0.0	-4.3	0.00	1.31	38.8	1.00	126.3	0.0	24.8	28.9	0.000	3.5386737307	2.3991834665	3.428	2.510
20160321	5.1619414203	4.244	0.0	-1.1	0.00	1.21	38.8	1.00	126.3	0.0	19.0	29.5	0.000	2.7099804545	2.4519609658	2.995	2.167
20160322	4.4856215388	3.701	0.0	-2.4	0.00	1.13	38.8	1.00	126.3	0.0	13.9	30.1	0.000	1.9849318363	2.5006897025	2.615	1.870
20160323	4.1038532098	3.568	1.5	0.0	0.00	0.99	38.7	1.00	126.3	1.7	10.9	30.6	0.000	1.5581729374	2.5456802724	2.380	1.724
20160324	3.5644003162	3.266	4.1	-3.1	0.00	0.38	41.7	1.00	126.3	0.0	6.8	31.1	0.000	0.9771808716	2.5872194446	2.080	1.485
20160325	3.9250669980	3.635	5.8	-0.2	0.00	0.43	40.8	1.00	126.4	6.6	9.1	31.6	0.000	1.299495009	2.6255719889	2.209	1.716
20160326	3.9941385898	3.523	0.0	1.2	0.00	1.24	36.1	1.00	126.4	4.7	9.3	32.0	0.000	1.3331562261	2.6609823638	2.204	1.790
20160327	4.9841054350	3.342	0.0	4.4	0.00	0.50	23.9	1.00	126.5	12.1	16.0	32.4	0.000	2.2904291609	2.693676274	2.581	2.403
20160328	6.6849405419	4.481	13.7	1.4	0.00	0.26	18.7	1.00	126.7	18.7	27.7	32.8	0.000	3.9610784318	2.7238621101	3.339	3.345
20160329	5.8312872806	4.507	4.1	-2.0	0.00	0.93	21.8	1.00	126.7	0.0	21.5	33.1	0.000	3.0795550046	2.751732276	2.928	2.903
20160330	5.6743832851	3.464	0.0	1.4	0.00	1.91	17.1	1.00	126.7	4.7	20.3	33.4	0.000	2.8969188697	2.7774644154	2.832	2.843
20160331	7.0710707321	3.409	0.0	7.2	0.00	1.40	0.0	0.00	126.8	17.0	29.9	33.7	0.000	4.2698481876	2.8012225445	3.329	3.742
20160401	8.8879074535	7.248	21.8	7.6	0.60	0.60	0.0	0.00	126.3	21.7	42.4	34.0	0.000	6.0647493563	2.8231580972	4.235	4.653
20160402	8.0476760048	5.250	2.3	2.7	0.74	0.74	0.0	0.00	125.6	2.3	36.4	34.2	0.000	5.2042651146	2.8434108902	3.850	4.198
20160403	7.0293663584	4.035	1.3	-6.6	1.20	1.20	1.0	1.00	124.4	0.0	29.2	34.4	0.000	4.167256344	2.8621100145	3.373	3.657
20160404	6.1393209056	3.379	0.0	-8.6	0.00	0.39	1.0	1.00	124.4	0.0	22.8	34.7	0.000	3.2599462478	2.8793746578	2.955	3.185
20160405	5.3614282792	3.052	0.0	-7.8	0.00	0.79	1.0	1.00	124.4	0.0	17.3	34.8	0.000	2.4661134145	2.8953148647	2.589	2.773
20160406	4.6815974818	2.841	3.8	-3.6	0.00	0.60	3.8	1.00	124.4	0.0	12.4	35.0	0.000	1.7715652441	2.9100322376	2.268	2.414
20160407	6.3581652694	4.811	15.0	2.8	0.00	0.22	0.0	0.00	125.1	18.2	24.0	35.2	0.000	3.4345446845	2.923620585	3.193	3.165
20160408	5.5550413453	5.221	8.4	-1.8	0.75	0.75	6.3	1.00	124.3	0.0	18.3	35.3	0.000	2.6188748268	2.9361665185	2.790	2.765
20160409	4.8529707942	3.752	0.5	-3.8	0.00	1.57	6.7	1.00	124.3	0.0	13.3	35.5	0.000	1.9052207884	2.9477500057	2.438	2.415
20160410	4.2392683317	3.241	0.5	-4.4	0.00	1.86	7.0	1.00	124.3	0.0	9.0	35.6	0.000	1.2808234521	2.9584448796	2.129	2.110
20160411	4.7402742623	3.349	7.6	-0.1	0.00	1.22	6.0	1.00	124.6	8.3	12.4	35.7	0.000	1.7719549532	2.9683193091	2.430	2.310
20160412	6.5280872455	6.278	13.7	2.4	0.00	0.54	0.0	0.00	125.3	19.1	24.8	35.8	0.000	3.550651012	2.9774362335	3.490	3.038
20160413	5.7428077481	3.992	0.3	1.8	1.57	1.57	0.0	0.00	123.7	0.3	19.3	35.9	0.000	2.7569539841	2.985853764	3.065	2.678
20160414	5.0196559409	3.437	0.0	3.2	1.95	1.95	0.0	0.00	121.8	0.0	14.2	36.0	0.000	2.0260303872	2.9936255537	2.672	2.348
20160415	4.3873245356	3.153	0.0	5.3	2.10	2.10	0.0	0.00	119.7	0.0	9.7	36.1	0.000	1.3865233958	3.0008011398	2.330	2.058
20160416	3.8344257956	2.927	0.0	7.0	2.40	2.40	0.0	0.00	117.3	0.0	5.8	36.2	0.000	0.8269995361	3.0074262595	2.030	1.804
20160417	3.3509984598	2.740	0.0	10.8	2.57	2.57	0.0	0.00	114.7	0.0	2.4	36.3	0.000	0.3374553188	3.013543141	1.769	1.582
20160418	3.3007868635	2.715	3.6	10.4	2.28	2.28	0.0	0.00	113.0	3.0	2.0	36.3	0.000	0.2815960902	3.0191907733	1.758	1.543
20160419	3.9226936012	4.629	10.2	6.7	1.35	1.35	0.0	0.00	113.6	8.3	6.3	36.4	0.000	0.898288447	3.0244051542	2.171	1.752
20160420	3.4290476466	3.092	0.0	5.4	1.83	1.83	0.0	0.00	111.7	0.0	2.8	36.5	0.000	0.3998281265	3.0292195201	1.886	1.543
20160421	3.0114056119	2.674	0.0	10.2	1.74	1.76	0.0	0.00	110.0	0.0	0.0	36.2	0.000	0.000	3.0114056119	1.647	1.365
20160422	2.8682064572	2.642	1.5	14.9	1.23	1.26	0.0	0.00	109.1	1.1	0.0	34.5	0.000	0.000	2.8682064572	1.575	1.293
20160423	2.6769740389	2.532	0.5	4.9	2.18	2.25	0.0	0.00	107.1	0.4	0.0	32.2	0.000	0.000	2.6769740389	1.473	1.204
20160424	2.4716131798	2.301	0.0	3.5	2.20	2.32	0.0	0.00	104.9	0.0	0.0	29.7	0.000	0.000	2.4716131798	1.360	1.112
20160425	2.2820063333	2.157	0.0	3.5	1.35	1.46	0.0	0.00	103.5	0.0	0.0	27.5	0.000	0.000	2.2820063333	1.255	1.027
20160426	2.6605113438	2.213	8.1	0.2	0.31	0.33	0.0	0.00	105.7	5.6	2.2	28.2	0.000	0.3167384077	2.3437729361	1.523	1.138
20160427	2.3610716642	2.759	0.5	1.0	1.30	1.39	0.0	0.00	104.5	0.4	0.0	28.4	0.000	0.000	2.3610716642	1.344	1.018
20160428	2.1799448776	2.361	0.0	1.1	2.10	2.27	0.0	0.00	102.4	0.0	0.0	26.2	0.000	0.000	2.1799448776	1.240	0.939
20160429	2.0127130157	2.071	0.0	4.6	2.05	2.26	0.0	0.00	100.4	0.0	0.0	24.2	0.000	0.000	2.0127130157	1.145	0.867
20160430	1.8583101460	1.902	0.0	7.3	1.85	2.08	0.0	0.00	98.5	0.0	0.0	22.4	0.000	0.000	1.858310146	1.057	0.801
20160501	2.0723164618	2.001	6.4	6.4	0.72	0.81	0.0	0.00	100.2	4.0	0.8	23.5	0.000	0.1197363672	1.9525800946	1.219	0.854
20160502	3.0123566592	3.685	15.0	4.2	0.41	0.46	0.0	0.00	104.7	10.0	6.8	24.5	0.000	0.9727384221	2.039618237	1.919	1.094
20160503	2.6110246565	2.943	0.3	5.1	1.26	1.36	0.0	0.00	103.6	0.2	3.4	25.5	0.000	0.491045304	2.1199793525	1.649	0.962
20160504	2.2376945397	2.463	0.0	5.2	1.51	1.64	0.0	0.00	102.1	0.0	0.3	26.4	0.000	0.0435188785	2.1941756613	1.399	0.839
20160505	2.0492066470	2.270	0.0	8.3	0.85	0.94	0.0	0.00	101.2	0.0	0.0	24.7	0.000	0.000	2.049206647	1.279	0.770
20160506	1.8920042120	1.994	0.0	12.7	1.49	1.66	0.0	0.00	99.7	0.0	0.0	22.8	0.000	0.000	1.892004212	1.181	0.711
20160507	1.7468613736	1.875	0.0	13.0	1.02	1.15	0.0	0.00	98.7	0.0	0.0	21.0	0.000	0.000	1.7468613736	1.090	0.656
20160508	3.0848598103	3.494	19.6	4.1	0.74	0.82	0.0	0.00	104.6	13.0	8.6	22.3	0.000	1.2351788289	1.8496809814	2.138	0.947
20160509	2.6825572794	2.563	0.5	2.3	1.46	1.58	0.0	0.00	103.3	0.3	5.2	23.4	0.000	0.7379443733	1.9446129061	1.846	0.836
20160510	2.2918005260	2.120	0.0	6.9	2.51	2.74	0.0	0.00	100.8	0.0	1.8	24.5	0.000	0.2595382842	2.0322622419	1.563	0.729
20160511	2.0156417259	1.923	0.0	9.7	2.69	3.02	0.0	0.00	98.1	0.0	0.0	24.3	0.000	0.000	2.0156417259	1.366	0.650
20160512	1.8610141836	1.807	0.0	14.9	2.81	3.24	0.0	0.00	95.3	0.0	0.0	22.4	0.000	0.000	1.8610141836	1.261	0.600
20160513	2.4572266841	2.636	11.7	14.3	1.38	1.60	0.0	0.00	98.5	7.1	3.5	23.5	0.000	0.5021499889	1.9550766953	1.751	0.706
20160514	2.8863311191	2.615	9.9	13.1	1.62	1.83	0.0	0.00	100.5	6.3	5.9	24.6	0.000	0.8444078052	2.0419233139	2.121	0.766
20160515	3.4650910376	4.502	11.9	4.6	0.86	0.95	0.0	0.00	103.6	7.9	9.4	25.5	0.000	1.3429834393	2.1221075982	2.627	0.838
20160516	3.3545987117	3.117	4.3	1.0	2.02	2.19	0.0	0.00	102.9	3.0	8.1	26.4	0.000	1.1584580706	2.1961406411	2.559	0.795
20160517	2.8919526662	2.596	0.0	6.2	3.14	3.44	0.0	0.00	99.8	0.0	4.4	27.3	0.000	0.6274583384	2.2644943277	2.194	0.698
20160518	2.4904750795	2.360	0.0	8.0	3.55	4.01	0.0	0.00	96.2	0.0	1.1	28.0	0.000	0.1628707363	2.3276043431	1.877	0.614
20160519	2.4499489477	2.355	4.1	11.3	2.05	2.39	0.0	0.00	95.8	2.5	0.4	28.7	0.000	0.0640759985	2.3858729492	1.861	0.589
20160520	2.2507606534	2.305	0.3	12.5	2.88	3.39	0.0	0.00	93.0	0.2	0.0	27.1	0.000	0.000	2.2507606534	1.709	0.542
20160521	2.0780962441	2.031	0.0	14.4	2.36	2.86	0.0	0.00	90.7	0.0	0.0	25.0	0.000	0.000	2.0780962441	1.578	0.500
20160522	2.1176192426	1.966	4.8	15.5	1.14	1.40	0.0	0.00	91.8	2.6	0.0	25.5	0.000	0.000	2.1176192426	1.627	0.491
20160523	1.9551686172	1.738	0.0	12.0	2.70	3.32	0.0	0.00	89.1	0.0	0.0	23.5	0.000	0.000	1.9551686172	1.502	0.453
20160524	1.8366416658	1.604	0.8	16.3	1.38	1.74	0.0	0.00	88.1	0.4	0.0	22.1	0.000	0.000	1.8366416658	1.414	0.423
20160525	1.7072998986	1.513	0.3	17.8	1.75	2.24	0.0	0.00	86.5	0.2	0.0	20.5	0.000	0.000	1.7072998986	1.315	0.392
20160526	1.5763264306	1.334	0.0	17.9	2.09	2.73	0.0	0.00	84.4	0.0	0.0	19.0	0.000	0.000	1.5763264306	1.214	0.362
20160527	1.5743525412	1.211	3.3	21.3	2.05	2.72	0.0	0.00	84.1	1.6	0.0	18.9	0.000	0.000	1.5743525412	1.224	0.351
20160528	1.4535779705	1.060	0.0	22.8	2.63	3.53	0.0	0.00	81.5	0.0	0.0	17.5	0.000	0.000	1.4535779705	1.130	0.324
20160529	1.3753315715	0.969	1.0	21.1	0.95	1.31	0.0	0.00	81.1	0.4	0.0	16.6	0.000	0.000	1.3753315715	1.072	0.303
20160530	1.3632802007	1.100	2.8	19.6	1.22	1.68	0.0	0.00	81.4	1.2	0.0	16.4	0.000	0.000	1.3632802007	1.071	0.292
20160531	1.3087938024	0.970	1.5	18.1	2.19	3.02	0.0	0.00	80.1	0.7	0.0	15.8	0.000	0.000	1.3087938024	1.032	0.277
20160601	1.2083912524	0.807	0.0	16.9	3.53	4.97	0.0	0.00	76.6	0.0	0.0	14.5	0.000	0.000	1.2083912524	0.953	0.255
20160602	1.1156909639	0.697	0.0	17.8	2.77	4.09	0.0	0.00	73.8	0.0	0.0	13.4	0.000	0.000	1.1156909639	0.880	0.236
20160603	1.0577419103	0.686	1.0	18.2	2.14	3.26	0.0	0.00	72.3	0.4	0.0	12.7	0.000	0.000	1.0577419103	0.837	0.221
20160604	0.9765985058	0.582	0.0	17.8	2.44	3.81	0.0	0.00	69.9	0.0	0.0	11.8	0.000	0.000	0.9765985058	0.772	0.204
20160605	4.1820187244	6.100	56.9	14.7	0.58	0.78	0.0	0.00	98.8	27.4	21.3	13.7	0.000	3.0435108168	1.1385079075	3.762	0.420
20160606	3.6425962516	3.323	1.0	15.8	2.56	2.92	0.0	0.00	96.6	0.6	16.5	15.5	0.000	2.3545996283	1.2879966233	3.270	0.372
20160607	3.1373466916	1.761	0.5	15.3	3.46	4.05	0.0	0.00	93.3	0.3	12.0	17.2	0.000	1.7113292003	1.4260174912	2.810	0.328
20160608	2.7558142751	1.497	1.3	9.7	4.60	5.54	0.0	0.00	89.3	0.7	8.4	18.7	0.000	1.2023640216	1.5534502535	2.463	0.292
20160609	2.5521824995	1.494	3.3	6.3	2.44	3.05	0.0	0.00	88.4	1.7	6.2	20.1	0.000	0.8810753356	1.6711071639	2.282	0.270
20160610	2.1834901708	1.334	0.3	9.3	3.66	4.67	0.0	0.00	84.9	0.2	2.8	21.4	0.000	0.4037520055	1.7797381653	1.947	0.237
20160611	1.8940928593	1.261	0.8	9.1	2.86	3.80	0.0	0.00	82.5	0.4	0.1	22.6	0.000	0.0140571899	1.8800356694	1.684	0.210
20160612	1.8398303793	1.317	2.8	9.7	3.58	4.86	0.0	0.00	80.4	1.3	0.0	22.1	0.000	0.000	1.8398303793	1.640	0.200
20160613	2.1349171358	2.320	10.4	10.4	3.46	4.68	0.0	0.00	82.7	4.7	1.4	23.3	0.000	0.1993991547	1.9355179811	1.926	0.209
20160614	1.8940452293	1.758	0.0	12.6	4.63	6.32	0.0	0.00	78.1	0.0	0.0	22.8	0.000	0.000	1.8940452293	1.706	0.189
20160615	1.7579621706	1.105	0.3	15.9	4.13	5.96	0.0	0.00	74.1	0.1	0.0	21.2	0.000	0.000	1.7579621706	1.583	0.175
20160616	1.6231022070	0.865	0.0	16.6	2.44	3.72	0.0	0.00	71.7	0.0	0.0	19.5	0.000	0.000	1.623102207	1.462	0.161
20160617	1.4985878640	0.704	0.0	16.2	3.35	5.27	0.0	0.00	68.3	0.0	0.0	18.0	0.000	0.000	1.498587864	1.350	0.149
20160618	1.3836254898	0.610	0.0	17.3	2.80	4.63	0.0	0.00	65.5	0.0	0.0	16.7	0.000	0.000	1.3836254898	1.246	0.137
20160619	1.2774823166	0.522	0.0	19.1	2.65	4.57	0.0	0.00	62.9	0.0	0.0	15.4	0.000	0.000	1.2774823166	1.151	0.127
20160620	1.1794817898	0.444	0.0	21.6	3.12	5.59	0.0	0.00	59.8	0.0	0.0	14.2	0.000	0.000	1.1794817898	1.062	0.117
20160621	1.1581339283	0.435	3.6	15.9	2.69	4.97	0.0	0.00	59.8	0.9	0.0	13.9	0.000	0.000	1.1581339283	1.046	0.112
20160622	1.2802245742	0.963	10.2	12.2	2.00	3.56	0.0	0.00	65.2	2.7	0.0	15.4	0.000	0.000	1.2802245742	1.168	0.113
20160623	1.1929763858	0.691	0.5	14.6	2.44	4.22	0.0	0.00	63.1	0.1	0.0	14.4	0.000	0.000	1.1929763858	1.088	0.104
20160624	1.1076470095	0.455	0.3	15.6	2.76	4.93	0.0	0.00	60.6	0.1	0.0	13.3	0.000	0.000	1.1076470095	1.011	0.097
20160625	1.0226751950	0.358	0.0	17.6	3.02	5.62	0.0	0.00	57.6	0.0	0.0	12.3	0.000	0.000	1.022675195	0.933	0.089
20160626	0.9442218916	0.298	0.0	20.3	2.78	5.45	0.0	0.00	54.8	0.0	0.0	11.4	0.000	0.000	0.9442218916	0.862	0.082
20160627	0.8717870394	0.269	0.0	19.1	1.72	3.55	0.0	0.00	53.1	0.0	0.0	10.5	0.000	0.000	0.8717870394	0.796	0.076
20160628	3.0423374253	3.820	54.6	20.2	2.31	3.68	0.0	0.00	86.3	19.1	14.0	12.5	0.000	2.000600498	1.0417369273	2.923	0.119
20160629	2.9743799143	2.979	6.6	17.6	2.18	2.80	0.0	0.00	87.4	3.3	12.4	14.4	0.000	1.7757306013	1.198649313	2.861	0.113
20160630	2.5296311271	1.099	0.3	17.5	3.32	4.28	0.0	0.00	84.3	0.1	8.3	16.2	0.000	1.1861067742	1.3435243529	2.430	0.100
20160701	2.9998445061	1.314	14.0	17.4	3.01	3.87	0.0	0.00	88.3	7.0	10.7	17.8	0.000	1.5225590287	1.4772854775	2.897	0.103
20160702	2.6290053793	1.384	1.3	12.2	4.47	5.70	0.0	0.00	84.5	0.7	7.2	19.3	0.000	1.0282201017	1.6007852775	2.537	0.092
20160703	2.2283201690	0.835	0.0	14.7	5.66	7.57	0.0	0.00	78.8	0.0	3.6	20.6	0.000	0.5135092307	1.7148109382	2.147	0.081
20160704	1.8832624991	0.568	0.0	18.0	5.09	7.29	0.0	0.00	73.7	0.0	0.4	21.9	0.000	0.0631732422	1.8200892569	1.812	0.072
20160705	1.7143654104	0.459	0.0	19.2	4.89	7.50	0.0	0.00	68.8	0.0	0.0	20.6	0.000	0.000	1.7143654104	1.649	0.066
20160706	1.5828499200	0.367	0.0	20.8	4.13	6.78	0.0	0.00	64.7	0.0	0.0	19.1	0.000	0.000	1.58284992	1.522	0.061
20160707	1.5809860156	0.558	5.3	21.9	2.71	4.60	0.0	0.00	65.7	1.6	0.0	19.0	0.000	0.000	1.5809860156	1.523	0.058
20160708	1.4597025658	0.531	0.0	18.5	2.23	3.83	0.0	0.00	63.5	0.0	0.0	17.6	0.000	0.000	1.4597025658	1.406	0.053
20160709	2.0083490551	1.310	19.8	14.5	2.46	3.97	0.0	0.00	74.3	6.5	3.0	19.1	0.000	0.4237978372	1.5845512179	1.951	0.057
20160710	1.9498337226	1.557	5.6	13.9	2.63	3.90	0.0	0.00	75.2	2.1	1.7	20.5	0.000	0.2500114675	1.6998222551	1.896	0.054
20160711	1.7467505706	0.989	1.5	16.3	3.63	5.42	0.0	0.00	72.5	0.6	0.0	21.0	0.000	0.000	1.7467505706	1.698	0.049
20160712	1.6127506915	0.587	0.0	18.2	4.23	6.59	0.0	0.00	68.3	0.0	0.0	19.4	0.000	0.000	1.6127506915	1.567	0.045
20160713	1.4890304526	0.423	0.0	20.7	2.48	4.10	0.0	0.00	65.8	0.0	0.0	17.9	0.000	0.000	1.4890304526	1.447	0.042
20160714	1.7874939934	1.181	13.7	21.2	1.06	1.69	0.0	0.00	73.9	4.5	1.2	19.4	0.000	0.1758647424	1.611629251	1.745	0.042
20160715	1.6326604715	0.906	1.8	20.1	3.27	4.96	0.0	0.00	71.8	0.7	0.0	19.6	0.000	0.000	1.6326604715	1.594	0.039
20160716	1.5152897004	0.570	0.3	18.0	3.89	6.11	0.0	0.00	68.1	0.1	0.0	18.2	0.000	0.000	1.5152897004	1.479	0.036
20160717	1.3990460648	0.428	0.0	19.4	2.82	4.68	0.0	0.00	65.3	0.0	0.0	16.8	0.000	0.000	1.3990460648	1.366	0.033
20160718	1.4776107115	0.633	7.9	19.4	3.16	5.25	0.0	0.00	67.6	2.4	0.0	17.8	0.000	0.000	1.4776107115	1.445	0.032
20160719	1.3712919057	0.613	0.3	13.6	3.74	6.23	0.0	0.00	64.1	0.1	0.0	16.5	0.000	0.000	1.3712919057	1.342	0.030
20160720	1.2724557303	0.380	0.3	14.8	3.44	6.04	0.0	0.00	60.9	0.1	0.0	15.3	0.000	0.000	1.2724557303	1.245	0.028
20160721	1.1748408121	0.275	0.0	17.9	3.83	7.11	0.0	0.00	57.0	0.0	0.0	14.1	0.000	0.000	1.1748408121	1.149	0.025
20160722	1.7856575443	0.601	23.6	21.6	3.31	5.71	0.0	0.00	70.5	6.8	3.2	15.9	0.000	0.4641152517	1.3215422926	1.758	0.027
20160723	2.8437831514	4.040	26.9	18.9	3.79	5.45	0.0	0.00	82.7	10.9	9.7	17.5	0.000	1.3867934067	1.4569897446	2.814	0.030
20160724	2.4260219200	1.577	0.3	17.2	3.23	4.41	0.0	0.00	79.6	0.1	5.9	19.0	0.000	0.8439754124	1.5820465075	2.399	0.027
20160725	2.0498177131	0.897	0.0	18.4	3.10	4.39	0.0	0.00	76.5	0.0	2.5	20.4	0.000	0.3523080225	1.6975096905	2.026	0.024
20160726	1.7652328094	0.690	0.3	19.1	3.90	5.75	0.0	0.00	72.8	0.1	0.0	21.2	0.000	0.000	1.7652328094	1.744	0.021
20160727	1.6379014333	0.491	0.3	20.4	3.14	4.87	0.0	0.00	69.9	0.1	0.0	19.7	0.000	0.000	1.6379014333	1.618	0.020
20160728	1.5122517854	0.399	0.0	20.5	4.03	6.51	0.0	0.00	65.8	0.0	0.0	18.2	0.000	0.000	1.5122517854	1.494	0.018
20160729	1.3962411999	0.343	0.0	18.9	2.94	5.05	0.0	0.00	62.9	0.0	0.0	16.8	0.000	0.000	1.3962411999	1.379	0.017
20160730	1.2891302275	0.270	0.0	16.7	4.05	7.27	0.0	0.00	58.9	0.0	0.0	15.5	0.000	0.000	1.2891302275	1.273	0.016
20160731	1.1902361452	0.238	0.0	16.6	1.63	3.12	0.0	0.00	57.2	0.0	0.0	14.3	0.000	0.000	1.1902361452	1.176	0.014
20160801	2.1316489018	2.084	30.5	14.8	2.40	4.00	0.0	0.00	75.9	9.5	5.6	16.1	0.000	0.7958923106	1.3357565912	2.116	0.016
20160802	1.7803522839	0.970	0.0	17.0	2.98	4.43	0.0	0.00	72.9	0.0	2.2	17.7	0.000	0.3102386736	1.4701136103	1.766	0.014
20160803	1.5238261796	0.535	0.0	18.0	4.12	6.39	0.0	0.00	68.8	0.0	0.0	18.3	0.000	0.000	1.5238261796	1.511	0.013
20160804	1.4069276783	0.368	0.0	18.8	3.54	5.81	0.0	0.00	65.2	0.0	0.0	16.9	0.000	0.000	1.4069276783	1.395	0.012
20160805	1.2989969055	0.267	0.0	20.7	2.44	4.22	0.0	0.00	62.8	0.0	0.0	15.6	0.000	0.000	1.2989969055	1.288	0.011
20160806	1.2054693726	0.226	0.3	19.6	3.46	6.21	0.0	0.00	59.6	0.1	0.0	14.5	0.000	0.000	1.2054693726	1.195	0.010
20160807	1.1600820396	0.195	2.5	16.7	2.89	5.39	0.0	0.00	58.6	0.6	0.0	14.0	0.000	0.000	1.1600820396	1.151	0.009
20160808	1.0710877346	0.163	0.0	16.7	3.37	6.51	0.0	0.00	55.2	0.0	0.0	12.9	0.000	0.000	1.0710877346	1.062	0.009
20160809	0.9889205211	0.125	0.0	16.7	3.14	6.43	0.0	0.00	52.0	0.0	0.0	11.9	0.000	0.000	0.9889205211	0.981	0.008
20160810	0.9130566671	0.139	0.0	18.5	1.88	4.09	0.0	0.00	50.1	0.0	0.0	11.0	0.000	0.000	0.9130566671	0.906	0.007
20160811	0.8430126178	0.121	0.0	22.1	2.35	5.28	0.0	0.00	47.8	0.0	0.0	10.1	0.000	0.000	0.8430126178	0.836	0.007
20160812	0.8667466423	0.190	6.6	23.1	1.47	3.28	0.0	0.00	51.8	1.2	0.0	10.4	0.000	0.000	0.8667466423	0.860	0.007
20160813	0.9973657105	0.456	11.9	19.7	1.67	3.34	0.0	0.00	59.4	2.6	0.0	12.0	0.000	0.000	0.9973657105	0.991	0.006
20160814	0.9486993344	0.533	1.5	21.1	2.33	4.38	0.0	0.00	58.3	0.4	0.0	11.4	0.000	0.000	0.9486993344	0.943	0.006
20160815	0.8759210005	0.246	0.0	18.6	2.30	4.47	0.0	0.00	55.9	0.0	0.0	10.5	0.000	0.000	0.8759210005	0.870	0.005
20160816	2.4941521575	1.591	43.4	16.9	2.53	4.06	0.0	0.00	82.1	14.7	10.1	12.6	0.000	1.4485984009	1.0455537566	2.487	0.007
20160817	3.1008271552	6.765	16.8	17.6	2.86	3.74	0.0	0.00	88.0	8.1	13.3	14.5	0.000	1.8986538164	1.2021733388	3.094	0.007
20160818	2.6844906259	1.217	1.0	18.6	1.93	2.46	0.0	0.00	86.5	0.5	9.4	16.2	0.000	1.3377125886	1.3467780372	2.678	0.006
20160819	2.2645830554	0.748	0.0	18.0	4.15	5.41	0.0	0.00	82.4	0.0	5.5	17.8	0.000	0.784293496	1.4802895593	2.259	0.005
20160820	1.9036494275	0.514	0.0	18.1	4.14	5.67	0.0	0.00	78.2	0.0	2.1	19.3	0.000	0.3000905227	1.6035589048	1.899	0.005
20160821	2.6264384899	0.680	18.3	19.1	3.66	4.97	0.0	0.00	84.6	8.3	6.4	20.7	0.000	0.9090666999	1.71737179	2.621	0.005
20160822	2.9035611601	3.195	10.9	12.9	3.68	4.75	0.0	0.00	86.5	5.4	7.6	21.9	0.000	1.0811075041	1.822453656	2.899	0.005
20160823	2.4792562987	0.995	0.0	14.5	4.27	5.58	0.0	0.00	82.2	0.0	3.9	23.1	0.000	0.5597820063	1.9194742924	2.475	0.004
20160824	2.1127107891	0.659	0.0	18.3	3.60	4.95	0.0	0.00	78.6	0.0	0.7	24.2	0.000	0.1036586823	2.0090521068	2.109	0.004
20160825	1.9105588422	0.537	0.0	19.2	2.75	3.94	0.0	0.00	75.9	0.0	0.0	23.0	0.000	0.000	1.9105588422	1.907	0.004
20160826	1.7639926076	0.459	0.0	19.9	2.85	4.24	0.0	0.00	73.0	0.0	0.0	21.2	0.000	0.000	1.7639926076	1.761	0.003
20160827	1.6286700262	0.361	0.0	18.8	3.29	5.09	0.0	0.00	69.7	0.0	0.0	19.6	0.000	0.000	1.6286700262	1.626	0.003
20160828	1.6084724920	0.363	4.1	19.6	3.41	5.42	0.0	0.00	69.0	1.4	0.0	19.4	0.000	0.000	1.608472492	1.606	0.003
20160829	1.4923970492	0.363	0.3	16.5	2.49	4.06	0.0	0.00	66.8	0.1	0.0	18.0	0.000	0.000	1.4923970492	1.490	0.003
20160830	1.3779095960	0.285	0.0	16.4	2.84	4.80	0.0	0.00	63.9	0.0	0.0	16.6	0.000	0.000	1.377909596	1.375	0.002
20160831	1.9562611341	1.028	20.1	17.6	2.05	3.27	0.0	0.00	75.3	6.7	3.1	18.2	0.000	0.4472282363	1.5090328978	1.954	0.003
20160901	1.6820828208	0.813	1.0	15.9	3.93	5.87	0.0	0.00	72.0	0.4	0.4	19.6	0.000	0.0519855883	1.6300972325	1.680	0.002
20160902	1.5329445066	0.455	0.0	14.6	3.57	5.60	0.0	0.00	68.4	0.0	0.0	18.4	0.000	0.000	1.5329445066	1.531	0.002
20160903	1.4153465037	0.329	0.0	14.1	1.77	2.92	0.0	0.00	66.7	0.0	0.0	17.0	0.000	0.000	1.4153465037	1.413	0.002
20160904	1.3067698908	0.261	0.0	15.6	2.88	4.88	0.0	0.00	63.8	0.0	0.0	15.7	0.000	0.000	1.3067698908	1.305	0.002
20160905	1.2065226028	0.213	0.0	17.1	1.75	3.10	0.0	0.00	62.0	0.0	0.0	14.5	0.000	0.000	1.2065226028	1.205	0.002
20160906	1.1139656656	0.176	0.0	18.3	1.24	2.26	0.0	0.00	60.8	0.0	0.0	13.4	0.000	0.000	1.1139656656	1.112	0.002
20160907	1.0285091230	0.147	0.0	19.8	1.87	3.47	0.0	0.00	58.9	0.0	0.0	12.4	0.000	0.000	1.028509123	1.027	0.001
20160908	0.9769954039	0.172	1.5	19.9	1.60	3.03	0.0	0.00	58.5	0.4	0.0	11.8	0.000	0.000	0.9769954039	0.976	0.001
20160909	0.9163263386	0.166	0.8	19.6	2.38	4.57	0.0	0.00	56.7	0.2	0.0	11.0	0.000	0.000	0.9163263386	0.915	0.001
20160910	0.8460314604	0.120	0.0	18.6	1.79	3.57	0.0	0.00	54.9	0.0	0.0	10.2	0.000	0.000	0.8460314604	0.845	0.001
20160911	1.2507540524	0.820	19.1	13.5	2.30	4.19	0.0	0.00	66.8	4.9	1.6	12.3	0.000	0.2327968957	1.0179571567	1.250	0.001
20160912	1.0716659486	0.290	0.3	12.3	2.81	4.74	0.0	0.00	64.2	0.1	0.0	12.9	0.000	0.000	1.0716659486	1.071	0.001
20160913	0.9894543781	0.169	0.0	15.3	2.62	4.62	0.0	0.00	61.5	0.0	0.0	11.9	0.000	0.000	0.9894543781	0.988	0.001
20160914	1.0338241089	0.306	5.8	13.1	1.60	2.84	0.0	0.00	64.2	1.6	0.0	12.4	0.000	0.000	1.0338241089	1.033	0.001
20160915	0.9608927657	0.224	0.3	9.8	2.22	3.90	0.0	0.00	62.2	0.1	0.0	11.6	0.000	0.000	0.9608927657	0.960	0.001
20160916	0.8871790274	0.149	0.0	11.7	2.29	4.17	0.0	0.00	59.9	0.0	0.0	10.7	0.000	0.000	0.8871790274	0.886	0.001
20160917	0.8666676710	0.116	2.5	14.0	2.18	4.05	0.0	0.00	59.6	0.6	0.0	10.4	0.000	0.000	0.866667671	0.866	0.001
20160918	0.9262794289	0.306	6.4	18.0	1.37	2.50	0.0	0.00	63.0	1.6	0.0	11.1	0.000	0.000	0.9262794289	0.926	0.001
20160919	0.8716284858	0.234	0.8	17.3	0.92	1.65	0.0	0.00	62.6	0.2	0.0	10.5	0.000	0.000	0.8716284858	0.871	0.001
20160920	0.8047625499	0.183	0.0	18.6	2.26	4.07	0.0	0.00	60.4	0.0	0.0	9.7	0.000	0.000	0.8047625499	0.804	0.001
20160921	0.7430261541	0.113	0.0	15.9	2.66	4.97	0.0	0.00	57.7	0.0	0.0	8.9	0.000	0.000	0.7430261541	0.742	0.001
20160922	0.6860257921	0.089	0.0	17.0	2.11	4.13	0.0	0.00	55.6	0.0	0.0	8.3	0.000	0.000	0.6860257921	0.685	0.001
20160923	1.0635864344	0.736	17.8	11.7	1.99	3.62	0.0	0.00	66.8	4.6	1.4	10.5	0.000	0.1933603026	0.8702261318	1.063	0.001
20160924	0.9418141985	0.335	1.5	8.1	2.45	4.12	0.0	0.00	65.4	0.5	0.0	11.3	0.000	0.000	0.9418141985	0.941	0.001
20160925	0.8695640496	0.225	0.0	6.2	2.65	4.57	0.0	0.00	62.7	0.0	0.0	10.5	0.000	0.000	0.8695640496	0.869	0.000
20160926	0.8028564844	0.197	0.0	8.1	2.18	3.92	0.0	0.00	60.5	0.0	0.0	9.7	0.000	0.000	0.8028564844	0.802	0.000
20160927	0.8222564921	0.240	4.1	12.3	2.08	3.79	0.0	0.00	61.5	1.1	0.0	9.9	0.000	0.000	0.8222564921	0.822	0.000
20160928	0.7689915572	0.176	0.5	12.6	2.43	4.44	0.0	0.00	59.4	0.1	0.0	9.3	0.000	0.000	0.7689915572	0.769	0.000
20160929	0.7099992903	0.149	0.0	10.7	2.22	4.22	0.0	0.00	57.2	0.0	0.0	8.5	0.000	0.000	0.7099992903	0.710	0.000
20160930	0.6555325446	0.122	0.0	8.7	0.93	1.84	0.0	0.00	56.3	0.0	0.0	7.9	0.000	0.000	0.6555325446	0.655	0.000
20161001	0.6052441502	0.138	0.0	8.7	1.13	2.27	0.0	0.00	55.2	0.0	0.0	7.3	0.000	0.000	0.6052441502	0.605	0.000
20161002	0.5588135697	0.170	0.0	9.8	0.82	1.68	0.0	0.00	54.3	0.0	0.0	6.7	0.000	0.000	0.5588135697	0.559	0.000
20161003	0.5859588695	0.207	4.3	11.7	0.95	1.91	0.0	0.00	56.8	0.9	0.0	7.1	0.000	0.000	0.5859588695	0.586	0.000
20161004	0.5410077362	0.195	0.0	11.6	0.96	1.90	0.0	0.00	55.8	0.0	0.0	6.5	0.000	0.000	0.5410077362	0.541	0.000
20161005	0.4995049753	0.163	0.0	12.1	1.13	2.30	0.0	0.00	54.7	0.0	0.0	6.0	0.000	0.000	0.4995049753	0.499	0.000
20161006	0.4659100889	0.156	0.3	12.7	1.35	2.77	0.0	0.00	53.6	0.1	0.0	5.6	0.000	0.000	0.4659100889	0.466	0.000
20161007	0.4347144617	0.139	0.3	15.1	0.97	2.04	0.0	0.00	52.8	0.1	0.0	5.2	0.000	0.000	0.4347144617	0.435	0.000
20161008	0.4013658621	0.135	0.0	13.7	0.84	1.80	0.0	0.00	52.0	0.0	0.0	4.8	0.000	0.000	0.4013658621	0.401	0.000
20161009	0.3705755604	0.140	0.0	8.0	0.55	1.19	0.0	0.00	51.5	0.0	0.0	4.5	0.000	0.000	0.3705755604	0.370	0.000
20161010	0.3421472999	0.140	0.0	4.4	0.94	2.07	0.0	0.00	50.5	0.0	0.0	4.1	0.000	0.000	0.3421472999	0.342	0.000
20161011	0.3158998793	0.142	0.0	8.4	0.97	2.16	0.0	0.00	49.5	0.0	0.0	3.8	0.000	0.000	0.3158998793	0.316	0.000
20161012	0.2916659982	0.129	0.0	12.7	1.03	2.34	0.0	0.00	48.5	0.0	0.0	3.5	0.000	0.000	0.2916659982	0.292	0.000
20161013	0.2883657368	0.125	1.5	9.8	0.69	1.58	0.0	0.00	49.1	0.2	0.0	3.5	0.000	0.000	0.2883657368	0.288	0.000
20161014	0.2662441044	0.136	0.0	4.7	0.76	1.74	0.0	0.00	48.3	0.0	0.0	3.2	0.000	0.000	0.2662441044	0.266	0.000
20161015	0.2458195067	0.132	0.0	5.8	0.93	2.16	0.0	0.00	47.4	0.0	0.0	3.0	0.000	0.000	0.2458195067	0.246	0.000
20161016	0.2885145866	0.158	4.8	10.2	0.92	2.11	0.0	0.00	50.5	0.8	0.0	3.5	0.000	0.000	0.2885145866	0.288	0.000
20161017	0.2704462186	0.221	0.3	14.3	1.03	2.30	0.0	0.00	49.7	0.1	0.0	3.3	0.000	0.000	0.2704462186	0.270	0.000
20161018	0.2496992606	0.168	0.0	13.1	0.48	1.09	0.0	0.00	49.2	0.0	0.0	3.0	0.000	0.000	0.2496992606	0.250	0.000
20161019	0.2370044191	0.186	0.5	11.6	0.88	2.01	0.0	0.00	48.8	0.1	0.0	2.9	0.000	0.000	0.2370044191	0.237	0.000
20161020	0.2581375416	0.223	3.0	8.6	0.59	1.33	0.0	0.00	50.7	0.5	0.0	3.1	0.000	0.000	0.2581375416	0.258	0.000
20161021	1.8855127584	2.887	46.5	12.0	0.79	1.34	0.0	0.00	82.0	14.4	9.9	5.7	0.000	1.4103499422	0.4751628162	1.885	0.000
20161022	3.2584196424	4.492	27.2	5.7	0.88	1.12	0.0	0.00	94.4	13.9	18.1	8.1	0.000	2.5828803858	0.6755392567	3.258	0.000
20161023	2.8780429840	1.951	2.0	1.4	0.77	0.92	0.0	0.00	94.5	1.1	14.1	10.4	0.000	2.0174989257	0.8605440583	2.878	0.000
20161024	2.9324983374	1.316	7.1	1.0	1.67	1.97	0.0	0.00	95.8	4.2	13.3	12.4	0.000	1.9011418993	1.0313564381	2.932	0.000
20161025	2.4883671805	1.072	0.3	-0.1	1.31	1.54	0.0	0.00	94.6	0.2	9.1	14.3	0.000	1.2993020298	1.1890651506	2.488	0.000
20161026	2.0853623734	0.907	0.0	-0.9	1.21	1.44	0.0	0.00	93.4	0.0	5.3	16.1	0.000	0.7506869454	1.334675428	2.085	0.000
20161027	1.7398025302	0.804	11.2	-0.9	0.87	1.05	8.4	1.00	92.5	0.0	1.9	17.7	0.000	0.2706871429	1.4691153873	1.740	0.000
20161028	2.6752966247	1.843	11.9	1.6	0.00	0.97	3.6	1.00	99.4	9.8	7.6	19.2	0.000	1.0820546787	1.593241946	2.624	0.051
20161029	3.7034935302	3.742	13.7	3.1	0.00	1.72	0.0	0.00	105.2	11.5	14.0	20.6	0.000	1.9956472458	1.7078462844	3.569	0.135
20161030	3.2612372855	3.149	1.0	3.4	0.97	1.04	0.0	0.00	104.5	0.7	10.1	21.8	0.000	1.4475783973	1.8136588881	3.145	0.116
20161031	2.9219027905	1.921	1.5	-0.5	1.23	1.32	0.0	0.00	103.8	1.0	7.1	23.0	0.000	1.0105485859	1.9113542046	2.819	0.103
20161101	2.4996028330	1.482	0.0	1.0	0.77	0.84	0.0	0.00	103.0	0.0	3.5	24.1	0.000	0.4980478912	2.0015549418	2.416	0.084
20161102	2.2186922879	1.382	1.0	8.7	1.37	1.50	0.0	0.00	101.9	0.7	0.9	25.1	0.000	0.1338562505	2.0848360374	2.146	0.073
20161103	3.4095922876	3.653	17.5	6.8	0.97	1.05	0.0	0.00	106.3	12.1	8.7	26.0	0.000	1.2478639641	2.1617283235	3.266	0.144
20161104	3.1628962556	2.362	2.5	0.2	1.19	1.26	0.0	0.00	105.9	1.8	6.5	26.9	0.000	0.9301743457	2.2327219099	3.030	0.133
20161105	2.7259953645	1.837	0.5	-0.9	1.41	1.51	0.4	1.00	104.4	0.0	3.0	27.7	0.000	0.4277260562	2.2982693083	2.614	0.112
20161106	2.5793050845	1.745	2.3	1.1	0.00	1.60	0.0	0.00	105.3	1.9	1.5	28.4	0.000	0.220516768	2.3587883164	2.472	0.107
20161107	2.2961777222	1.577	0.0	2.0	1.43	1.53	0.0	0.00	103.8	0.0	0.0	27.6	0.000	0.000	2.2961777222	2.202	0.094
20161108	2.1200291968	1.460	0.0	5.9	1.53	1.66	0.0	0.00	102.3	0.0	0.0	25.5	0.000	0.000	2.1200291968	2.033	0.087
20161109	1.9726989003	1.394	0.3	4.0	0.86	0.95	0.0	0.00	101.5	0.2	0.0	23.7	0.000	0.000	1.9726989003	1.892	0.081
20161110	1.8213656655	1.322	0.0	1.9	1.22	1.35	0.0	0.00	100.3	0.0	0.0	21.9	0.000	0.000	1.8213656655	1.747	0.075
20161111	2.0964385861	1.636	6.9	1.3	0.84	0.94	0.0	0.00	101.9	4.5	1.2	23.1	0.000	0.1779688203	1.9184697658	2.005	0.091
20161112	1.8668041900	1.396	0.0	-1.5	1.17	1.30	0.0	0.00	100.7	0.0	0.0	22.5	0.000	0.000	1.86680419	1.786	0.081
20161113	1.7235945412	1.276	0.0	3.8	1.33	1.49	0.0	0.00	99.4	0.0	0.0	20.7	0.000	0.000	1.7235945412	1.649	0.074
20161114	1.5913710491	1.194	0.0	5.9	1.38	1.56	0.0	0.00	98.0	0.0	0.0	19.2	0.000	0.000	1.5913710491	1.523	0.069
20161115	1.7330678111	1.280	5.3	6.7	1.09	1.24	0.0	0.00	98.9	3.3	0.2	20.5	0.000	0.0269489	1.7061189111	1.656	0.077
20161116	2.0156631709	2.137	7.1	7.0	0.87	0.98	0.0	0.00	100.6	4.5	1.4	21.8	0.000	0.2035991427	1.8120640282	1.925	0.090
20161117	1.7971464328	1.639	0.3	4.5	0.72	0.81	0.0	0.00	100.0	0.2	0.0	21.6	0.000	0.000	1.7971464328	1.717	0.080
20161118	1.6592804954	1.379	0.0	5.8	1.08	1.22	0.0	0.00	98.9	0.0	0.0	20.0	0.000	0.000	1.6592804954	1.585	0.074
20161119	1.5319907784	1.267	0.0	7.1	0.94	1.07	0.0	0.00	98.0	0.0	0.0	18.4	0.000	0.000	1.5319907784	1.463	0.069
20161120	2.3050942766	1.552	13.0	0.6	0.61	0.69	0.0	0.00	102.0	8.3	4.6	19.9	0.000	0.6538003498	1.6512939267	2.205	0.100
20161121	1.9473630296	1.462	4.8	-4.3	1.13	1.25	3.6	1.00	100.9	0.0	1.3	21.2	0.000	0.1859181527	1.7614448769	1.862	0.085
20161122	1.7260913121	1.288	1.0	-4.6	0.00	1.08	4.3	1.00	100.9	0.0	0.0	20.8	0.000	0.000	1.7260913121	1.651	0.076
20161123	1.5936762833	1.220	0.0	-4.0	0.00	0.94	4.3	1.00	100.9	0.0	0.0	19.2	0.000	0.000	1.5936762833	1.524	0.070
20161124	1.4714193148	1.206	4.3	-3.0	0.00	0.38	7.6	1.00	100.9	0.0	0.0	17.7	0.000	0.000	1.4714193148	1.407	0.064
20161125	1.3585411434	1.205	2.5	-0.8	0.00	0.52	9.4	1.00	100.9	0.0	0.0	16.4	0.000	0.000	1.3585411434	1.299	0.059
20161126	1.4476274497	1.284	0.8	0.9	0.00	0.48	6.4	1.00	102.2	2.5	0.0	17.4	0.000	0.000	1.4476274497	1.379	0.068
20161127	1.3365744427	1.335	0.3	-2.1	0.00	1.19	6.6	1.00	102.2	0.0	0.0	16.1	0.000	0.000	1.3365744427	1.273	0.063
20161128	1.2340407342	1.177	0.3	-4.0	0.00	1.05	6.8	1.00	102.2	0.0	0.0	14.9	0.000	0.000	1.2340407342	1.176	0.058
20161129	1.1393727765	3.182	19.3	-3.0	0.00	0.29	21.3	1.00	102.2	0.0	0.0	13.7	0.000	0.000	1.1393727765	1.086	0.054
20161130	1.5802072321	4.084	4.1	1.8	0.00	0.22	17.4	1.00	104.8	5.4	2.0	15.5	0.000	0.2914120873	1.2887951449	1.474	0.106
20161201	3.6113623054	7.248	15.5	3.3	0.00	0.65	7.8	1.00	111.4	18.5	15.3	17.2	0.000	2.1846075502	1.4267547551	3.172	0.439
20161202	4.0325813831	4.211	6.1	0.7	0.00	0.72	4.3	1.00	113.4	7.6	17.3	18.7	0.000	2.478450424	1.5541309591	3.503	0.530
20161203	3.4540949140	3.390	7.1	-2.2	0.00	1.31	9.6	1.00	113.4	0.0	12.5	20.1	0.000	1.782359264	1.67173565	3.008	0.446
20161204	2.9536466548	2.945	0.0	-5.7	0.00	1.15	9.6	1.00	113.4	0.0	8.2	21.4	0.000	1.173328217	1.7803184378	2.579	0.375
20161205	2.5210401028	2.708	7.1	-6.1	0.00	0.85	15.0	1.00	113.4	0.0	4.5	22.6	0.000	0.6404686758	1.880571427	2.208	0.313
20161206	2.1473874991	2.507	1.8	-3.1	0.00	0.95	16.3	1.00	113.4	0.0	1.2	23.7	0.000	0.174253871	1.9731336281	1.887	0.260
20161207	1.9152809402	2.439	2.8	-2.8	0.00	1.20	18.4	1.00	113.4	0.0	0.0	23.1	0.000	0.000	1.9152809402	1.686	0.230
20161208	1.7683524555	2.369	0.8	-2.1	0.00	0.41	19.0	1.00	113.4	0.0	0.0	21.3	0.000	0.000	1.7683524555	1.556	0.212
20161209	1.6326954136	2.236	5.3	-8.1	0.00	0.68	23.0	1.00	113.4	0.0	0.0	19.7	0.000	0.000	1.6326954136	1.437	0.196
20161210	1.5074451392	2.098	0.3	-12.6	0.00	0.74	23.2	1.00	113.4	0.0	0.0	18.1	0.000	0.000	1.5074451392	1.327	0.181
20161211	1.3918032898	2.008	0.5	-11.5	0.00	0.65	23.6	1.00	113.4	0.0	0.0	16.8	0.000	0.000	1.3918032898	1.225	0.167
20161212	1.2850327664	1.916	16.3	-5.5	0.00	0.33	35.8	1.00	113.4	0.0	0.0	15.5	0.000	0.000	1.2850327664	1.131	0.154
20161213	1.1864530159	1.814	0.8	-3.4	0.00	0.88	36.4	1.00	113.4	0.0	0.0	14.3	0.000	0.000	1.1864530159	1.044	0.142
20161214	1.0954356930	1.784	1.8	-8.4	0.00	0.64	37.7	1.00	113.4	0.0	0.0	13.2	0.000	0.000	1.095435693	0.964	0.131
20161215	1.0114006550	1.704	2.3	-16.3	0.00	0.54	39.5	1.00	113.4	0.0	0.0	12.2	0.000	0.000	1.011400655	0.890	0.121
20161216	0.9338122644	1.639	0.0	-22.0	0.00	0.95	39.5	1.00	113.4	0.0	0.0	11.2	0.000	0.000	0.9338122644	0.822	0.112
20161217	0.8621759743	1.588	8.1	-11.0	0.00	0.60	45.5	1.00	113.4	0.0	0.0	10.4	0.000	0.000	0.8621759743	0.759	0.103
20161218	0.7960351765	5.114	19.8	-6.9	0.00	1.02	60.4	1.00	113.4	0.0	0.0	9.6	0.000	0.000	0.7960351765	0.701	0.095
20161219	0.7349682908	2.712	0.0	-16.7	0.00	0.82	60.4	1.00	113.4	0.0	0.0	8.8	0.000	0.000	0.7349682908	0.647	0.088
20161220	0.6785860781	2.109	0.0	-14.1	0.00	0.36	60.4	1.00	113.4	0.0	0.0	8.2	0.000	0.000	0.6785860781	0.597	0.081
20161221	0.6265291594	1.829	0.0	-5.1	0.00	0.58	60.4	1.00	113.4	0.0	0.0	7.5	0.000	0.000	0.6265291594	0.551	0.075
20161222	0.5784657249	1.712	3.0	-2.8	0.00	0.24	62.6	1.00	113.4	0.0	0.0	7.0	0.000	0.000	0.5784657249	0.509	0.069
20161223	0.5340894192	1.629	0.3	-2.2	0.00	1.01	62.8	1.00	113.4	0.0	0.0	6.4	0.000	0.000	0.5340894192	0.470	0.064
20161224	0.4931173887	1.599	3.3	-2.6	0.00	1.04	65.3	1.00	113.4	0.0	0.0	5.9	0.000	0.000	0.4931173887	0.434	0.059
20161225	0.4552884785	1.515	1.0	-8.0	0.00	1.27	66.1	1.00	113.4	0.0	0.0	5.5	0.000	0.000	0.4552884785	0.401	0.055
20161226	0.4203615679	1.499	2.3	-8.4	0.00	1.48	67.8	1.00	113.4	0.0	0.0	5.1	0.000	0.000	0.4203615679	0.370	0.050
20161227	0.6194597169	2.544	7.1	0.7	0.00	0.74	71.2	1.00	114.1	3.0	0.0	7.5	0.000	0.000	0.6194597169	0.532	0.087
20161228	0.5719386062	1.938	0.5	-6.9	0.00	0.69	71.5	1.00	114.1	0.0	0.0	6.9	0.000	0.000	0.5719386062	0.491	0.081
20161229	0.5280630206	1.669	10.2	-5.6	0.00	0.26	79.2	1.00	114.1	0.0	0.0	6.4	0.000	0.000	0.5280630206	0.453	0.075
20161230	0.4875532981	1.556	11.7	-7.6	0.00	1.10	88.0	1.00	114.1	0.0	0.0	5.9	0.000	0.000	0.4875532981	0.419	0.069
20161231	0.4501512304	1.470	3.8	-11.1	0.00	0.60	90.8	1.00	114.1	0.0	0.0	5.4	0.000	0.000	0.4501512304	0.387	0.064
20170101	0.4156184176	1.400	4.8	-5.6	0.00	0.77	94.4	1.00	114.1	0.0	0.0	5.0	0.000	0.000	0.4156184176	0.357	0.059
20170102	0.3837347482	1.375	0.0	-5.1	0.00	0.84	94.4	1.00	114.1	0.0	0.0	4.6	0.000	0.000	0.3837347482	0.330	0.054
20170103	0.3542969963	1.380	3.6	-3.8	0.00	0.53	97.1	1.00	114.1	0.0	0.0	4.3	0.000	0.000	0.3542969963	0.304	0.050
20170104	0.3271175264	1.661	8.1	-2.4	0.00	0.76	103.2	1.00	114.1	0.0	0.0	3.9	0.000	0.000	0.3271175264	0.281	0.046
20170105	0.3020230969	1.519	1.5	-7.9	0.00	1.25	104.3	1.00	114.1	0.0	0.0	3.6	0.000	0.000	0.3020230969	0.259	0.043
20170106	0.2788537565	1.404	0.5	-11.2	0.00	0.64	104.7	1.00	114.1	0.0	0.0	3.4	0.000	0.000	0.2788537565	0.239	0.039
20170107	0.2574618244	1.323	0.0	-13.2	0.00	0.70	104.7	1.00	114.1	0.0	0.0	3.1	0.000	0.000	0.2574618244	0.221	0.036
20170108	0.2377109487	1.271	0.5	-16.6	0.00	0.85	105.0	1.00	114.1	0.0	0.0	2.9	0.000	0.000	0.2377109487	0.204	0.034
20170109	0.2194752378	1.208	0.0	-18.9	0.00	0.59	105.0	1.00	114.1	0.0	0.0	2.6	0.000	0.000	0.2194752378	0.188	0.031
20170110	0.2026384577	1.118	1.5	-9.8	0.00	0.37	106.2	1.00	114.1	0.0	0.0	2.4	0.000	0.000	0.2026384577	0.174	0.029
20170111	0.3183835062	1.084	6.1	2.0	0.00	1.44	110.2	1.00	114.5	1.7	0.0	3.8	0.000	0.000	0.3183835062	0.268	0.050
20170112	1.8836235981	2.256	6.4	3.5	0.00	0.35	100.0	1.00	117.1	13.9	9.5	6.4	0.000	1.3528365143	0.5307870838	1.472	0.412
20170113	1.5244222476	3.207	1.8	-5.7	0.00	1.53	101.3	1.00	117.1	0.0	5.6	8.7	0.000	0.7975258725	0.7268963751	1.194	0.331
20170114	1.2196293029	1.876	0.3	-15.0	0.00	0.87	101.6	1.00	117.1	0.0	2.2	10.9	0.000	0.311667926	0.907961377	0.957	0.262
20170115	1.0055657948	1.557	0.5	-11.0	0.00	0.73	101.9	1.00	117.1	0.0	0.0	12.1	0.000	0.000	1.0055657948	0.791	0.214
20170116	0.9284250185	1.430	0.0	-8.3	0.00	0.51	101.9	1.00	117.1	0.0	0.0	11.2	0.000	0.000	0.9284250185	0.730	0.198
20170117	0.8572020046	1.395	2.0	-4.8	0.00	1.26	103.4	1.00	117.1	0.0	0.0	10.3	0.000	0.000	0.8572020046	0.674	0.183
20170118	0.7914427788	1.369	4.1	-2.4	0.00	0.40	106.5	1.00	117.1	0.0	0.0	9.5	0.000	0.000	0.7914427788	0.623	0.169
20170119	0.7307281934	1.326	2.0	-1.4	0.00	0.67	108.0	1.00	117.1	0.0	0.0	8.8	0.000	0.000	0.7307281934	0.575	0.156
20170120	0.6746712547	1.265	0.3	-1.5	0.00	0.91	108.2	1.00	117.1	0.0	0.0	8.1	0.000	0.000	0.6746712547	0.531	0.144
20170121	0.6229146570	1.244	0.8	-0.2	0.00	0.90	109.0	1.00	117.1	0.0	0.0	7.5	0.000	0.000	0.622914657	0.490	0.133
20170122	0.6406475113	1.254	1.3	0.7	0.00	1.01	109.3	1.00	117.3	0.9	0.0	7.7	0.000	0.000	0.6406475113	0.503	0.138
20170123	0.5915010043	1.298	0.8	-2.3	0.00	1.07	109.9	1.00	117.3	0.0	0.0	7.1	0.000	0.000	0.5915010043	0.464	0.127
20170124	0.5461247128	1.567	21.6	-2.0	0.00	0.98	126.1	1.00	117.3	0.0	0.0	6.6	0.000	0.000	0.5461247128	0.429	0.118
20170125	0.5042294092	1.498	0.8	-3.9	0.00	1.19	126.7	1.00	117.3	0.0	0.0	6.1	0.000	0.000	0.5042294092	0.396	0.109
20170126	1.2221320684	1.902	8.1	0.4	0.00	0.78	126.5	1.00	118.4	7.2	3.6	8.5	0.000	0.5197560277	0.7023760407	0.936	0.286
20170127	0.9539608430	1.791	13.7	-3.7	0.00	1.47	136.7	1.00	118.4	0.0	0.5	10.7	0.000	0.0686387523	0.8853220906	0.733	0.221
20170128	0.8542408719	1.569	2.3	-3.5	0.00	1.33	138.5	1.00	118.4	0.0	0.0	10.3	0.000	0.000	0.8542408719	0.657	0.198
20170129	0.7887088059	1.462	2.0	-3.4	0.00	1.00	140.0	1.00	118.4	0.0	0.0	9.5	0.000	0.000	0.7887088059	0.606	0.182
20170130	0.7282039540	1.415	1.5	-11.3	0.00	1.16	141.1	1.00	118.4	0.0	0.0	8.8	0.000	0.000	0.728203954	0.560	0.168
20170131	0.6723406593	1.349	0.0	-13.2	0.00	0.95	141.1	1.00	118.4	0.0	0.0	8.1	0.000	0.000	0.6723406593	0.517	0.156
20170201	0.6207628504	1.268	2.8	-8.3	0.00	0.76	143.2	1.00	118.4	0.0	0.0	7.5	0.000	0.000	0.6207628504	0.477	0.144
20170202	0.5731417714	1.215	1.3	-8.2	0.00	0.85	144.1	1.00	118.4	0.0	0.0	6.9	0.000	0.000	0.5731417714	0.441	0.133
20170203	0.5291738865	1.171	2.8	-9.7	0.00	0.43	146.2	1.00	118.4	0.0	0.0	6.4	0.000	0.000	0.5291738865	0.407	0.122
20170204	0.4885789452	1.123	1.8	-10.3	0.00	0.93	147.6	1.00	118.4	0.0	0.0	5.9	0.000	0.000	0.4885789452	0.376	0.113
20170205	0.4510981962	1.086	1.5	-7.0	0.00	0.87	148.7	1.00	118.4	0.0	0.0	5.4	0.000	0.000	0.4510981962	0.347	0.104
20170206	0.4164927381	1.073	3.8	-9.8	0.00	0.98	151.6	1.00	118.4	0.0	0.0	5.0	0.000	0.000	0.4164927381	0.320	0.096
20170207	0.3845419962	1.058	12.4	-8.4	0.00	0.48	160.9	1.00	118.4	0.0	0.0	4.6	0.000	0.000	0.3845419962	0.296	0.089
20170208	0.3550423173	1.233	6.1	-1.1	0.00	0.79	165.4	1.00	118.4	0.0	0.0	4.3	0.000	0.000	0.3550423173	0.273	0.082
20170209	0.3278056709	1.153	5.6	-13.0	0.00	0.50	169.6	1.00	118.4	0.0	0.0	3.9	0.000	0.000	0.3278056709	0.252	0.076
20170210	0.3026584512	1.103	1.8	-17.8	0.00	0.54	171.0	1.00	118.4	0.0	0.0	3.6	0.000	0.000	0.3026584512	0.233	0.070
20170211	0.2794403704	1.056	1.8	-13.6	0.00	0.30	172.3	1.00	118.4	0.0	0.0	3.4	0.000	0.000	0.2794403704	0.215	0.065
20170212	0.2580034369	1.016	17.0	-10.8	0.00	0.35	185.1	1.00	118.4	0.0	0.0	3.1	0.000	0.000	0.2580034369	0.198	0.060
20170213	0.2382110121	0.999	5.3	-7.2	0.00	0.49	189.0	1.00	118.4	0.0	0.0	2.9	0.000	0.000	0.2382110121	0.183	0.055
20170214	0.2199369394	0.961	5.6	-8.2	0.00	0.67	193.2	1.00	118.4	0.0	0.0	2.6	0.000	0.000	0.2199369394	0.169	0.051
20170215	0.2030647404	0.919	6.1	-4.5	0.00	0.30	197.8	1.00	118.4	0.0	0.0	2.4	0.000	0.000	0.2030647404	0.156	0.047
20170216	0.1874868719	0.920	5.3	-6.0	0.00	0.39	201.8	1.00	118.4	0.0	0.0	2.3	0.000	0.000	0.1874868719	0.144	0.043
20170217	0.1731040409	0.919	1.3	-7.1	0.00	1.21	202.7	1.00	118.4	0.0	0.0	2.1	0.000	0.000	0.1731040409	0.133	0.040
20170218	0.1598245716	0.916	0.0	-3.1	0.00	1.16	202.7	1.00	118.4	0.0	0.0	1.9	0.000	0.000	0.1598245716	0.123	0.037
20170219	0.1475638209	1.334	0.0	3.8	0.00	1.58	202.7	1.00	118.4	0.0	0.0	1.8	0.000	0.000	0.1475638209	0.113	0.034
20170220	0.1362436390	1.259	0.0	-3.8	0.00	0.87	202.7	1.00	118.4	0.0	0.0	1.6	0.000	0.000	0.136243639	0.105	0.032
20170221	0.1257918714	1.109	0.3	-4.1	0.00	1.11	203.0	1.00	118.4	0.0	0.0	1.5	0.000	0.000	0.1257918714	0.097	0.029
20170222	0.2294666846	1.144	0.0	4.3	0.00	1.45	201.3	1.00	118.6	1.5	0.0	2.8	0.000	0.000	0.2294666846	0.174	0.056
20170223	2.0441118132	2.027	0.0	6.7	0.00	1.00	183.5	1.00	120.5	15.8	11.2	5.4	0.000	1.5954204035	0.4486914097	1.346	0.698
20170224	2.9526520784	3.357	0.8	3.7	0.00	0.34	173.0	1.00	121.5	10.3	16.1	7.8	0.000	2.3015535059	0.6510985725	1.867	1.085
20170225	6.4001465194	8.691	19.3	5.3	0.00	0.41	158.6	1.00	123.7	31.5	38.9	10.1	0.000	5.5621682075	0.837978312	3.750	2.650
20170226	5.4909182973	8.663	4.1	-4.7	0.00	1.30	161.7	1.00	123.7	0.0	31.3	12.2	0.000	4.4803965013	1.010521796	3.221	2.270
20170227	4.7037507825	4.705	0.8	-2.9	0.00	1.37	162.3	1.00	123.7	0.0	24.7	14.1	0.000	3.5339219694	1.1698288131	2.763	1.941
20170228	4.5178528769	3.766	0.3	1.3	0.00	1.26	158.5	1.00	123.9	4.0	22.4	15.8	0.000	3.2009380938	1.3169147831	2.637	1.881
20170301	6.3362266345	7.047	9.1	4.1	0.00	0.66	147.0	1.00	124.8	19.7	34.2	17.5	0.000	4.8835094055	1.452717229	3.564	2.772
20170302	5.4647193003	9.705	5.8	-3.1	0.00	0.59	151.3	1.00	124.8	0.0	27.2	19.0	0.000	3.8866175475	1.5781017528	3.078	2.387
20170303	4.7082744952	5.714	0.0	-11.0	0.00	0.69	151.3	1.00	124.8	0.0	21.1	20.4	0.000	3.0144069423	1.693867553	2.656	2.052
20170304	4.0520362253	4.437	1.8	-16.5	0.00	0.48	152.7	1.00	124.8	0.0	15.7	21.7	0.000	2.251283707	1.8007525183	2.290	1.762
20170305	3.4830422171	3.799	0.0	-13.3	0.00	0.90	152.7	1.00	124.8	0.0	11.1	22.9	0.000	1.5836042855	1.8994379315	1.972	1.511
20170306	2.9899843327	3.523	0.3	-7.5	0.00	0.94	152.9	1.00	124.8	0.0	7.0	24.0	0.000	0.9994315213	1.9905528114	1.696	1.294
20170307	2.5629991600	3.396	4.3	-1.0	0.00	0.21	156.1	1.00	124.8	0.0	3.4	25.0	0.000	0.4883212377	2.0746779223	1.457	1.106
20170308	3.5212428008	4.642	6.4	3.9	0.00	1.15	151.5	1.00	125.1	10.6	9.6	25.9	0.000	1.3688933248	2.152349476	1.939	1.583
20170309	3.0356370073	3.849	6.1	-3.0	0.00	1.18	156.1	1.00	125.1	0.0	5.7	26.8	0.000	0.8115744579	2.2240625494	1.677	1.359
20170310	2.6142336953	3.300	2.8	-9.0	0.00	0.54	158.2	1.00	125.1	0.0	2.3	27.6	0.000	0.323959455	2.2902742403	1.449	1.165
20170311	2.2884324698	2.960	0.8	-19.8	0.00	0.70	158.8	1.00	125.1	0.0	0.0	27.5	0.000	0.000	2.2884324698	1.273	1.016
20170312	2.1128781121	2.586	0.0	-16.5	0.00	1.08	158.8	1.00	125.1	0.0	0.0	25.4	0.000	0.000	2.1128781121	1.175	0.938
20170313	1.9507911968	2.328	0.0	-13.2	0.00	1.41	158.8	1.00	125.1	0.0	0.0	23.5	0.000	0.000	1.9507911968	1.085	0.866
20170314	1.8011385853	2.261	34.3	-9.9	0.00	0.45	184.5	1.00	125.1	0.0	0.0	21.7	0.000	0.000	1.8011385853	1.002	0.800
20170315	1.6629663947	2.166	8.9	-9.4	0.00	0.27	191.2	1.00	125.1	0.0	0.0	20.0	0.000	0.000	1.6629663947	0.925	0.738
20170316	1.5353939183	2.038	2.8	-9.7	0.00	1.05	193.3	1.00	125.1	0.0	0.0	18.5	0.000	0.000	1.5353939183	0.854	0.682
20170317	1.4176080117	1.945	1.5	-8.5	0.00	0.99	194.4	1.00	125.1	0.0	0.0	17.1	0.000	0.000	1.4176080117	0.788	0.629
20170318	1.3088579100	1.869	0.0	-5.7	0.00	0.98	194.4	1.00	125.1	0.0	0.0	15.8	0.000	0.000	1.30885791	0.728	0.581
20170319	1.2084504421	1.825	0.0	-3.1	0.00	1.17	194.4	1.00	125.1	0.0	0.0	14.5	0.000	0.000	1.2084504421	0.672	0.536
20170320	1.1157456129	1.843	0.0	-0.6	0.00	1.31	194.4	1.00	125.1	0.0	0.0	13.4	0.000	0.000	1.1157456129	0.620	0.495
20170321	1.0301525238	1.806	0.0	0.8	0.00	1.21	194.4	1.00	125.1	0.0	0.0	12.4	0.000	0.000	1.0301525238	0.573	0.457
20170322	0.9511256060	1.687	3.3	-8.8	0.00	1.13	196.9	1.00	125.1	0.0	0.0	11.4	0.000	0.000	0.951125606	0.529	0.422
20170323	0.8781611437	1.582	0.0	-10.2	0.00	0.99	196.9	1.00	125.1	0.0	0.0	10.6	0.000	0.000	0.8781611437	0.488	0.390
20170324	0.8107940627	1.571	10.4	-6.1	0.00	0.38	204.7	1.00	125.1	0.0	0.0	9.8	0.000	0.000	0.8107940627	0.451	0.360
20170325	0.7485949667	1.515	0.5	-4.5	0.00	0.43	205.0	1.00	125.1	0.0	0.0	9.0	0.000	0.000	0.7485949667	0.416	0.332
20170326	0.6911673999	1.503	0.3	-2.8	0.00	1.24	205.3	1.00	125.1	0.0	0.0	8.3	0.000	0.000	0.6911673999	0.384	0.307
20170327	0.6381453201	1.841	10.4	-0.3	0.00	0.50	215.7	1.00	125.1	0.0	0.0	7.7	0.000	0.000	0.6381453201	0.355	0.283
20170328	1.0450248399	2.141	1.5	2.7	0.00	0.26	212.2	1.00	125.3	4.8	1.5	9.9	0.000	0.219006087	0.8260187529	0.563	0.482
20170329	1.0802294798	2.051	1.0	-0.3	0.00	0.93	210.9	1.00	125.3	2.2	0.6	12.0	0.000	0.0807497797	0.9994797001	0.579	0.501
20170330	1.2729364412	1.816	0.0	0.7	0.00	1.91	207.4	1.00	125.4	3.4	0.8	14.0	0.000	0.1133026427	1.1596337984	0.676	0.597
20170331	2.7642236464	1.761	11.7	0.3	0.00	1.40	204.8	1.00	125.7	13.9	10.2	15.7	0.000	1.4567217796	1.3075018668	1.456	1.308
20170401	4.7300422715	1.659	16.0	0.7	0.00	0.60	201.3	1.00	126.1	19.2	23.0	17.4	0.000	3.2860158582	1.4440264133	2.545	2.185
20170402	5.0716978654	1.886	0.3	2.6	0.00	0.74	193.4	1.00	126.2	8.1	24.5	18.9	0.000	3.5016202228	1.5700776426	2.739	2.333
20170403	5.3560449015	2.019	0.0	2.6	0.00	1.20	185.4	1.00	126.3	7.9	25.7	20.3	0.000	3.6695858987	1.6864590028	2.889	2.467
20170404	6.4432785025	2.412	10.4	1.1	0.00	0.39	181.0	1.00	126.5	14.6	32.5	21.6	0.000	4.6493661963	1.7939123062	3.471	2.972
20170405	6.5239367711	2.592	2.0	1.6	0.00	0.79	175.4	1.00	126.5	7.6	32.4	22.8	0.000	4.6308143131	1.8931224581	3.509	3.015
20170406	8.2985504530	3.849	15.2	1.8	0.00	0.60	169.2	1.00	126.7	21.2	44.2	23.9	0.000	6.313828631	1.9847218219	4.479	3.819
20170407	9.0295252118	5.213	8.4	1.9	0.00	0.22	163.0	1.00	126.8	14.6	48.7	24.9	0.000	6.9602309616	2.0692942502	4.892	4.137
20170408	7.8509823694	3.902	5.1	-2.4	0.00	0.75	166.8	1.00	126.8	0.0	39.9	25.8	0.000	5.7036035636	2.1473788059	4.253	3.598
20170409	7.8043902905	3.904	0.3	2.7	0.00	1.57	159.2	1.00	126.8	7.8	39.1	26.7	0.000	5.5849170922	2.2194731983	4.228	3.577
20170410	10.0083960016	8.742	0.0	10.1	0.00	1.86	133.3	1.00	126.9	25.8	54.0	27.5	0.000	7.7223590459	2.2860369557	5.216	4.793
20170411	17.8815673351	18.395	1.0	11.7	0.00	1.22	103.8	1.00	127.0	30.5	65.9	28.3	5.3531038227	10.1809691582	2.3474943542	8.607	9.275
20170412	16.6183009860	18.372	0.3	5.7	0.00	0.54	88.4	1.00	127.0	15.7	64.2	28.9	4.401532699	9.8125311651	2.4042371219	7.679	8.940
20170413	15.0038047975	13.782	2.0	4.1	0.00	1.57	76.8	1.00	127.1	13.6	62.2	29.6	3.1999041902	9.3472736712	2.4566269361	6.676	8.328
20170414	14.1706816769	13.201	0.3	4.9	0.00	1.95	63.4	1.00	127.1	13.7	61.1	30.1	2.5644508872	9.1012330613	2.5049977284	6.036	8.134
20170415	20.0935966341	15.518	5.6	8.6	0.00	2.10	41.1	1.00	127.1	27.9	68.3	30.7	6.8019804035	10.7419584174	2.5496578133	7.758	12.336
20170416	28.0320969404	26.883	7.9	12.0	0.00	2.40	10.7	1.00	127.1	38.3	78.1	31.2	12.4949793679	12.9462257193	2.5908918532	9.756	18.276
20170417	20.6829945753	21.485	1.3	4.9	0.00	2.57	0.0	0.00	127.1	12.0	69.0	31.6	7.1696974445	10.8843344577	2.6289626731	7.079	13.604
20170418	11.2449787061	13.829	0.0	3.8	2.28	2.28	0.0	0.00	124.8	0.0	57.3	32.1	0.3406602613	8.2402055091	2.6641129357	3.987	7.258
20170419	10.5794588628	12.714	9.1	4.2	1.35	1.35	0.0	0.00	123.8	8.8	55.1	32.5	0.000	7.882892175	2.6965666879	3.728	6.851
20170420	9.4515739504	11.894	1.8	5.3	1.83	1.83	0.0	0.00	122.0	1.7	47.0	32.8	0.000	6.7250431611	2.7265307893	3.339	6.112
20170421	9.8848267886	12.750	14.0	3.8	1.76	1.76	0.0	0.00	121.2	13.1	49.9	33.1	0.000	7.130630558	2.7541962306	3.563	6.322
20170422	9.0104247938	10.227	3.3	4.1	1.26	1.26	0.0	0.00	120.2	3.0	43.6	33.5	0.000	6.2306854431	2.7797393507	3.275	5.735
20170423	7.9024153395	8.719	0.3	7.7	2.25	2.25	0.0	0.00	118.0	0.3	35.7	33.7	0.000	5.0990923786	2.8033229609	2.884	5.018
20170424	6.9003349435	7.746	0.0	7.9	2.32	2.32	0.0	0.00	115.7	0.0	28.5	34.0	0.000	4.0752375608	2.8250973826	2.528	4.372
20170425	6.3714679049	7.046	3.3	7.4	1.46	1.46	0.0	0.00	114.8	2.8	24.7	34.2	0.000	3.5262664992	2.8452014057	2.361	4.010
20170426	5.8526137287	7.088	2.8	11.1	0.33	0.33	0.0	0.00	114.9	2.3	20.9	34.5	0.000	2.988850556	2.8637631727	2.194	3.658
20170427	5.2132797988	5.852	1.0	14.7	1.39	1.39	0.0	0.00	113.7	0.8	16.3	34.7	0.000	2.3323788029	2.880900996	1.967	3.247
20170428	4.6019872926	5.034	0.5	16.6	2.27	2.27	0.0	0.00	111.5	0.4	11.9	34.9	0.000	1.7052631809	2.8967241116	1.744	2.858
20170429	4.0954514242	4.349	0.8	12.4	2.23	2.26	0.0	0.00	109.5	0.6	8.3	35.0	0.000	1.1841180483	2.9113333759	1.561	2.535
20170430	3.6691727489	3.884	1.0	2.7	2.02	2.08	0.0	0.00	107.7	0.8	5.2	35.2	0.000	0.7443508409	2.924821908	1.407	2.262
20170501	4.9916973177	5.573	18.8	6.2	0.79	0.81	0.0	0.00	111.4	14.3	14.4	35.4	0.000	2.0544216343	2.9372756835	2.168	2.824
20170502	5.7782096540	8.210	14.2	7.9	0.46	0.46	0.0	0.00	113.8	11.3	19.8	35.5	0.000	2.8294355715	2.9487740824	2.706	3.073
20170503	5.4878681027	6.038	4.3	3.5	1.36	1.36	0.0	0.00	113.2	3.5	17.7	35.6	0.000	2.5284777072	2.9593903955	2.608	2.880
20170504	4.7953219263	4.732	0.0	8.2	1.64	1.64	0.0	0.00	111.6	0.0	12.8	35.7	0.000	1.8261296355	2.9691922909	2.260	2.535
20170505	5.2249650859	5.350	10.4	7.0	0.93	0.94	0.0	0.00	112.8	8.3	15.7	35.8	0.000	2.2467228403	2.9782422455	2.611	2.614
20170506	5.2314449193	5.489	6.6	10.7	1.66	1.66	0.0	0.00	112.4	5.3	15.7	35.9	0.000	2.2448469756	2.9865979437	2.694	2.537
20170507	6.0949352650	5.798	15.0	7.3	1.15	1.15	0.0	0.00	114.1	12.2	21.7	36.0	0.000	3.1006226204	2.9943126446	3.387	2.708
20170508	5.4608776761	6.016	1.3	2.5	0.82	0.82	0.0	0.00	113.5	1.1	17.2	36.1	0.000	2.4594421547	3.0014355214	3.028	2.433
20170509	4.9254893691	4.609	1.5	2.6	1.58	1.58	0.0	0.00	112.2	1.2	13.4	36.2	0.000	1.9174773939	3.0080119752	2.729	2.196
20170510	4.3056310483	4.126	0.0	5.0	2.72	2.74	0.0	0.00	109.5	0.0	9.0	36.3	0.000	1.291547124	3.0140839242	2.363	1.943
20170511	3.7635920165	3.709	0.0	8.4	2.93	3.02	0.0	0.00	106.5	0.0	5.2	36.3	0.000	0.7439019455	3.019690071	2.044	1.719
20170512	3.2896168918	3.391	0.0	11.1	3.06	3.24	0.0	0.00	103.5	0.0	1.9	36.4	0.000	0.2647507429	3.0248661489	1.767	1.522
20170513	2.9505373348	3.144	0.3	11.2	1.46	1.60	0.0	0.00	102.1	0.2	0.0	35.5	0.000	0.000	2.9505373348	1.576	1.374
20170514	4.1237854403	4.331	17.8	6.5	1.69	1.83	0.0	0.00	105.8	12.4	8.1	35.6	0.000	1.1627670582	2.9610183821	2.503	1.621
20170515	4.6390467646	5.810	11.4	9.2	0.90	0.95	0.0	0.00	108.0	8.3	11.7	35.8	0.000	1.6683513762	2.9706953884	2.957	1.682
20170516	4.0532093291	3.745	0.0	13.1	2.09	2.19	0.0	0.00	106.0	0.0	7.5	35.9	0.000	1.0735792944	2.9796300347	2.555	1.498
20170517	3.5410746201	3.165	0.0	18.7	3.23	3.44	0.0	0.00	102.7	0.0	3.9	36.0	0.000	0.5531953497	2.9878792703	2.206	1.335
20170518	3.1185388985	2.805	0.3	23.3	3.65	4.01	0.0	0.00	99.2	0.2	0.9	36.1	0.000	0.1230432227	2.9954956757	1.922	1.196
20170519	2.8943987132	2.636	1.3	12.2	2.10	2.39	0.0	0.00	97.6	0.8	0.0	34.8	0.000	0.000	2.8943987132	1.787	1.107
20170520	2.6723583806	2.418	0.0	9.8	2.93	3.39	0.0	0.00	94.6	0.0	0.0	32.2	0.000	0.000	2.6723583806	1.650	1.022
20170521	2.4673516062	2.219	0.0	11.5	2.40	2.86	0.0	0.00	92.2	0.0	0.0	29.7	0.000	0.000	2.4673516062	1.524	0.944
20170522	3.3365649937	3.539	16.5	9.5	1.19	1.40	0.0	0.00	97.9	9.7	5.7	30.3	0.000	0.8216653255	2.5148996683	2.265	1.072
20170523	2.9298676281	2.852	0.5	12.6	2.88	3.32	0.0	0.00	95.2	0.3	2.6	30.8	0.000	0.3710674904	2.5588001377	1.969	0.961
20170524	2.5616394021	2.244	0.0	15.0	1.47	1.74	0.0	0.00	93.7	0.0	0.0	30.8	0.000	0.000	2.5616394021	1.701	0.860
20170525	2.4433410355	2.041	1.8	12.9	1.86	2.24	0.0	0.00	92.6	1.0	0.0	29.4	0.000	0.000	2.4433410355	1.635	0.809
20170526	3.4259841734	3.859	17.8	10.1	2.33	2.73	0.0	0.00	97.6	10.5	6.5	30.0	0.000	0.9332531337	2.4927310397	2.498	0.928
20170527	3.0448483385	2.560	1.0	12.8	2.35	2.72	0.0	0.00	95.6	0.6	3.5	30.6	0.000	0.5065161895	2.5383321489	2.206	0.839
20170528	2.6374898442	2.063	0.0	15.1	2.99	3.53	0.0	0.00	92.6	0.0	0.4	31.1	0.000	0.0570548206	2.5804350237	1.890	0.747
20170529	2.6110333205	2.059	4.6	10.9	1.08	1.31	0.0	0.00	93.6	2.6	0.0	31.4	0.000	0.000	2.6110333205	1.895	0.716
20170530	2.6632489797	2.225	5.6	9.7	1.41	1.68	0.0	0.00	94.5	3.2	0.1	31.9	0.000	0.0156899679	2.6475590119	1.968	0.696
20170531	2.7934149072	2.843	6.6	13.2	2.56	3.02	0.0	0.00	94.7	3.9	0.8	32.3	0.000	0.1121322287	2.6812826785	2.108	0.685
20170601	2.5710736587	2.295	0.8	12.9	4.18	4.97	0.0	0.00	90.9	0.5	0.0	30.9	0.000	0.000	2.5710736587	1.939	0.632
20170602	2.5522688120	2.017	4.3	8.3	3.33	4.09	0.0	0.00	89.5	2.3	0.0	30.7	0.000	0.000	2.552268812	1.947	0.605
20170603	2.6464978464	2.394	6.6	8.1	2.63	3.26	0.0	0.00	90.0	3.5	0.4	31.2	0.000	0.0531952941	2.5933025523	2.055	0.592
20170604	3.0385634549	2.436	10.9	12.4	3.12	3.81	0.0	0.00	91.8	6.0	2.8	31.7	0.000	0.4073750166	2.6311884383	2.432	0.607
20170605	3.0246043799	2.575	5.6	10.2	0.64	0.78	0.0	0.00	93.6	3.1	2.5	32.1	0.000	0.3584364259	2.6661679539	2.444	0.580
20170606	4.0899864004	4.855	19.3	8.2	2.52	2.92	0.0	0.00	98.7	11.7	9.7	32.5	0.000	1.3915223425	2.6984640579	3.452	0.638
20170607	3.5985478701	3.138	0.5	13.2	3.54	4.05	0.0	0.00	95.4	0.3	6.1	32.8	0.000	0.8702652653	2.7282826049	3.024	0.574
20170608	3.1311234615	2.305	0.0	17.6	4.68	5.54	0.0	0.00	90.7	0.0	2.6	33.2	0.000	0.3753098038	2.7558136577	2.617	0.514
20170609	2.7458159167	2.020	0.0	15.1	2.45	3.05	0.0	0.00	88.2	0.0	0.0	33.0	0.000	0.000	2.7458159167	2.283	0.463
20170610	2.5351739354	1.809	0.0	15.7	3.65	4.67	0.0	0.00	84.6	0.0	0.0	30.5	0.000	0.000	2.5351739354	2.108	0.427
20170611	2.3585383011	1.552	0.5	21.5	2.85	3.80	0.0	0.00	82.0	0.2	0.0	28.4	0.000	0.000	2.3585383011	1.963	0.396
20170612	2.1776058585	1.316	0.0	22.7	3.53	4.86	0.0	0.00	78.5	0.0	0.0	26.2	0.000	0.000	2.1776058585	1.812	0.366
20170613	2.0105534316	1.124	0.0	18.9	3.26	4.68	0.0	0.00	75.2	0.0	0.0	24.2	0.000	0.000	2.0105534316	1.673	0.338
20170614	1.8563162317	1.042	0.0	13.4	4.21	6.32	0.0	0.00	71.0	0.0	0.0	22.3	0.000	0.000	1.8563162317	1.545	0.312
20170615	1.7139111540	0.959	0.0	14.2	3.75	5.96	0.0	0.00	67.3	0.0	0.0	20.6	0.000	0.000	1.713911154	1.426	0.288
20170616	2.3199256214	2.700	19.8	13.0	2.42	3.72	0.0	0.00	77.5	7.1	3.5	21.9	0.000	0.5006671228	1.8192584985	2.010	0.310
20170617	1.9684615442	1.663	0.0	17.6	3.62	5.27	0.0	0.00	73.9	0.0	0.4	23.1	0.000	0.0519372966	1.9165242476	1.692	0.276
20170618	1.8056895830	1.247	0.3	21.3	3.03	4.63	0.0	0.00	71.1	0.1	0.0	21.7	0.000	0.000	1.805689583	1.552	0.254
20170619	2.7803241414	4.466	24.9	20.5	3.17	4.57	0.0	0.00	82.7	10.1	6.1	22.9	0.000	0.8763278863	1.9039962551	2.496	0.284
20170620	3.2195248718	4.345	14.0	17.0	4.28	5.59	0.0	0.00	85.7	6.7	8.6	24.0	0.000	1.2247634232	1.9947614486	2.933	0.287
20170621	2.7640345803	2.347	0.0	14.6	3.77	4.97	0.0	0.00	81.9	0.0	4.8	25.0	0.000	0.6854708813	2.078563699	2.508	0.256
20170622	2.3695648112	1.783	0.0	15.9	2.58	3.56	0.0	0.00	79.3	0.0	1.5	25.9	0.000	0.2136276512	2.15593716	2.141	0.229
20170623	3.3518883118	3.879	22.4	18.1	3.18	4.22	0.0	0.00	88.0	10.6	7.9	26.8	0.000	1.1245133033	2.2273750085	3.106	0.246
20170624	4.7421133498	6.725	26.2	17.1	4.09	4.93	0.0	0.00	95.3	14.8	17.1	27.6	0.000	2.4487807617	2.2933325881	4.478	0.264
20170625	4.7171898360	3.687	8.1	15.4	4.82	5.62	0.0	0.00	93.7	4.8	16.5	28.3	0.000	2.3629595252	2.3542303108	4.467	0.250
20170626	4.0917691482	3.073	0.0	13.5	4.52	5.45	0.0	0.00	89.2	0.0	11.8	29.0	0.000	1.6813128105	2.4104563377	3.868	0.224
20170627	4.0041996559	2.639	6.9	13.7	2.85	3.55	0.0	0.00	89.6	3.7	10.8	29.6	0.000	1.5418306038	2.4623690522	3.794	0.210
20170628	3.6034895858	2.674	2.0	12.3	2.94	3.68	0.0	0.00	87.6	1.0	7.6	30.2	0.000	1.0931902408	2.5102993449	3.412	0.191
20170629	5.4506773346	5.470	32.3	13.3	2.35	2.80	0.0	0.00	99.0	18.6	20.3	30.7	0.000	2.8961246119	2.5545527226	5.245	0.206
20170630	4.9238337480	6.641	2.3	16.7	3.77	4.28	0.0	0.00	96.0	1.4	16.3	31.2	0.000	2.3284224925	2.5954112554	4.736	0.188
20170701	5.3464558716	6.016	13.7	17.6	3.38	3.87	0.0	0.00	97.9	8.5	19.0	31.7	0.000	2.7133204968	2.6331353748	5.165	0.182
20170702	4.7170526359	4.657	0.8	18.5	4.94	5.70	0.0	0.00	93.2	0.5	14.3	32.1	0.000	2.0490871024	2.6679655335	4.553	0.164
20170703	4.2331014658	3.508	1.8	16.1	6.28	7.57	0.0	0.00	87.7	1.0	10.7	32.5	0.000	1.5329777275	2.7001237383	4.083	0.150
20170704	3.6849517912	2.884	0.0	16.0	5.67	7.29	0.0	0.00	82.1	0.0	6.7	32.9	0.000	0.9551368263	2.7298149649	3.550	0.135
20170705	3.2067949443	2.473	0.0	17.1	5.45	7.50	0.0	0.00	76.6	0.0	3.1	33.2	0.000	0.4495664797	2.7572284646	3.085	0.122
20170706	2.7897667807	2.130	0.0	18.8	4.60	6.78	0.0	0.00	72.0	0.0	0.1	33.5	0.000	0.0072278102	2.7825389705	2.680	0.110
20170707	2.6757490316	1.977	3.8	18.9	2.99	4.60	0.0	0.00	71.5	1.3	0.0	32.2	0.000	0.000	2.6757490316	2.573	0.103
20170708	2.8388726022	2.504	11.2	17.4	2.55	3.83	0.0	0.00	76.0	4.1	0.9	32.6	0.000	0.1315624676	2.7073101346	2.741	0.098
20170709	2.5994429617	2.159	1.0	16.3	2.68	3.97	0.0	0.00	74.0	0.4	0.0	31.3	0.000	0.000	2.5994429617	2.509	0.090
20170710	2.4000298064	1.702	0.0	17.8	2.55	3.90	0.0	0.00	71.4	0.0	0.0	28.9	0.000	0.000	2.4000298064	2.317	0.084
20170711	2.2817605824	1.526	2.5	19.5	3.46	5.42	0.0	0.00	69.6	0.9	0.0	27.5	0.000	0.000	2.2817605824	2.204	0.078
20170712	2.1314636436	1.457	1.0	18.7	4.08	6.59	0.0	0.00	66.2	0.3	0.0	25.7	0.000	0.000	2.1314636436	2.059	0.072
20170713	2.2812214000	2.601	11.4	14.4	2.54	4.10	0.0	0.00	71.3	3.7	0.5	26.5	0.000	0.0764424513	2.2047789487	2.212	0.069
20170714	2.1914314542	2.126	4.3	13.4	1.09	1.69	0.0	0.00	73.0	1.5	0.0	26.4	0.000	0.000	2.1914314542	2.127	0.064
20170715	2.0368746558	1.834	0.5	17.3	3.22	4.96	0.0	0.00	70.2	0.2	0.0	24.5	0.000	0.000	2.0368746558	1.978	0.059
20170716	1.9007235330	1.358	0.8	18.8	3.81	6.11	0.0	0.00	66.9	0.3	0.0	22.9	0.000	0.000	1.900723533	1.846	0.055
20170717	2.0314644803	1.675	10.4	19.7	2.92	4.68	0.0	0.00	71.0	3.4	0.3	24.0	0.000	0.0397246908	1.9917397895	1.979	0.052
20170718	1.8731027513	1.485	0.5	19.7	3.31	5.25	0.0	0.00	68.0	0.2	0.0	22.5	0.000	0.000	1.8731027513	1.825	0.048
20170719	1.7365184685	1.077	0.3	20.2	3.76	6.23	0.0	0.00	64.4	0.1	0.0	20.9	0.000	0.000	1.7365184685	1.692	0.045
20170720	1.6097311009	0.887	0.3	19.9	3.46	6.04	0.0	0.00	61.2	0.1	0.0	19.4	0.000	0.000	1.6097311009	1.568	0.041
20170721	1.4862425064	0.718	0.0	19.6	3.86	7.11	0.0	0.00	57.3	0.0	0.0	17.9	0.000	0.000	1.4862425064	1.448	0.038
20170722	1.3773908666	0.594	0.3	18.6	2.90	5.71	0.0	0.00	54.7	0.1	0.0	16.6	0.000	0.000	1.3773908666	1.342	0.035
20170723	1.2764472990	0.516	0.3	16.9	2.65	5.45	0.0	0.00	52.3	0.1	0.0	15.4	0.000	0.000	1.276447299	1.244	0.033
20170724	1.4641694154	1.085	15.2	12.5	2.27	4.41	0.0	0.00	61.7	3.5	0.3	17.0	0.000	0.0488152559	1.4153541595	1.433	0.031
20170725	1.3935970488	1.404	3.0	13.5	2.44	4.39	0.0	0.00	61.5	0.8	0.0	16.8	0.000	0.000	1.3935970488	1.364	0.029
20170726	1.2964981701	0.819	0.5	15.9	3.14	5.75	0.0	0.00	58.7	0.1	0.0	15.6	0.000	0.000	1.2964981701	1.270	0.027
20170727	1.2150327647	0.717	1.0	16.8	2.55	4.87	0.0	0.00	56.9	0.2	0.0	14.6	0.000	0.000	1.2150327647	1.190	0.025
20170728	1.1475169248	0.614	1.5	14.9	3.32	6.51	0.0	0.00	54.8	0.3	0.0	13.8	0.000	0.000	1.1475169248	1.124	0.023
20170729	1.0594865375	0.451	0.0	14.7	2.45	5.05	0.0	0.00	52.3	0.0	0.0	12.8	0.000	0.000	1.0594865375	1.038	0.021
20170730	0.9782092960	0.361	0.0	15.8	3.37	7.27	0.0	0.00	49.0	0.0	0.0	11.8	0.000	0.000	0.978209296	0.958	0.020
20170731	0.9159634600	0.335	1.0	18.3	1.36	3.12	0.0	0.00	48.4	0.2	0.0	11.0	0.000	0.000	0.91596346	0.898	0.018
20170801	0.8494575101	0.306	0.3	18.9	1.72	4.00	0.0	0.00	47.0	0.0	0.0	10.2	0.000	0.000	0.8494575101	0.833	0.017
20170802	0.7842923940	0.233	0.0	19.7	1.84	4.43	0.0	0.00	45.1	0.0	0.0	9.4	0.000	0.000	0.784292394	0.769	0.016
20170803	0.8702803697	0.809	11.2	19.8	2.82	6.39	0.0	0.00	51.6	1.9	0.0	10.5	0.000	0.000	0.8702803697	0.855	0.015
20170804	0.8176369787	0.534	1.0	19.7	2.68	5.81	0.0	0.00	49.7	0.2	0.0	9.8	0.000	0.000	0.8176369787	0.804	0.014
20170805	1.8106955545	3.876	35.6	16.1	2.34	4.22	0.0	0.00	73.4	9.6	5.7	11.9	0.000	0.8189546308	0.9917409237	1.796	0.015
20170806	1.6095788662	1.810	2.8	13.7	4.08	6.21	0.0	0.00	71.1	1.0	3.2	13.9	0.000	0.4570901732	1.152488693	1.596	0.013
20170807	1.4915384916	1.045	4.1	15.1	3.46	5.39	0.0	0.00	70.3	1.4	1.3	15.7	0.000	0.190633602	1.3009048896	1.479	0.012
20170808	1.3414730020	0.939	1.5	15.0	4.08	6.51	0.0	0.00	67.2	0.5	0.0	16.1	0.000	0.000	1.341473002	1.330	0.011
20170809	1.2688481278	0.635	1.3	16.1	3.85	6.43	0.0	0.00	64.3	0.4	0.0	15.3	0.000	0.000	1.2688481278	1.258	0.011
20170810	1.1821689090	0.474	0.5	18.1	2.33	4.09	0.0	0.00	62.3	0.1	0.0	14.2	0.000	0.000	1.182168909	1.172	0.010
20170811	1.0975120418	0.411	0.3	18.9	2.92	5.28	0.0	0.00	59.6	0.1	0.0	13.2	0.000	0.000	1.0975120418	1.088	0.009
20170812	1.3410876700	0.846	13.7	18.5	1.88	3.28	0.0	0.00	67.6	3.8	0.6	15.0	0.000	0.0909419637	1.2501457063	1.332	0.009
20170813	1.3020719079	0.794	4.1	16.4	2.04	3.34	0.0	0.00	68.4	1.3	0.0	15.7	0.000	0.000	1.3020719079	1.294	0.008
20170814	1.2141586692	0.488	0.5	16.7	2.66	4.38	0.0	0.00	66.1	0.2	0.0	14.6	0.000	0.000	1.2141586692	1.207	0.008
20170815	1.7984708754	1.252	19.1	17.7	2.86	4.47	0.0	0.00	75.7	6.6	3.1	16.3	0.000	0.440626948	1.3578439274	1.791	0.008
20170816	1.5371615101	1.054	1.0	13.4	2.74	4.06	0.0	0.00	73.6	0.4	0.3	17.9	0.000	0.0466549671	1.490506543	1.530	0.007
20170817	1.4012016548	0.559	0.0	14.0	2.43	3.74	0.0	0.00	71.1	0.0	0.0	16.9	0.000	0.000	1.4012016548	1.395	0.006
20170818	1.8368052963	1.676	14.7	15.0	1.65	2.46	0.0	0.00	78.7	5.5	2.1	18.4	0.000	0.306267162	1.5305381342	1.830	0.006
20170819	1.6181083835	1.056	1.3	18.5	3.79	5.41	0.0	0.00	75.6	0.5	0.0	19.5	0.000	0.000	1.6181083835	1.612	0.006
20170820	1.5229203714	0.738	1.0	16.9	3.81	5.67	0.0	0.00	72.4	0.4	0.0	18.3	0.000	0.000	1.5229203714	1.518	0.005
20170821	1.4194382348	0.521	0.5	18.8	3.19	4.97	0.0	0.00	69.6	0.2	0.0	17.1	0.000	0.000	1.4194382348	1.414	0.005
20170822	1.4768106372	0.592	6.4	20.2	3.02	4.75	0.0	0.00	70.8	2.2	0.0	17.8	0.000	0.000	1.4768106372	1.472	0.005
20170823	1.3763006433	0.589	0.5	15.4	3.50	5.58	0.0	0.00	67.6	0.2	0.0	16.6	0.000	0.000	1.3763006433	1.372	0.004
20170824	1.2707193869	0.389	0.0	13.8	2.96	4.95	0.0	0.00	64.7	0.0	0.0	15.3	0.000	0.000	1.2707193869	1.267	0.004
20170825	1.1732376702	0.340	0.0	12.4	2.26	3.94	0.0	0.00	62.4	0.0	0.0	14.1	0.000	0.000	1.1732376702	1.170	0.004
20170826	1.0832341467	0.309	0.0	12.4	2.34	4.24	0.0	0.00	60.1	0.0	0.0	13.0	0.000	0.000	1.0832341467	1.080	0.003
20170827	1.0001351358	0.263	0.0	13.2	2.71	5.09	0.0	0.00	57.3	0.0	0.0	12.0	0.000	0.000	1.0001351358	0.997	0.003
20170828	0.9234109660	0.216	0.0	13.8	2.75	5.42	0.0	0.00	54.6	0.0	0.0	11.1	0.000	0.000	0.923410966	0.920	0.003
20170829	0.8525725991	0.198	0.0	13.0	1.96	4.06	0.0	0.00	52.6	0.0	0.0	10.3	0.000	0.000	0.8525725991	0.850	0.003
20170830	0.7871685126	0.178	0.0	13.9	2.24	4.80	0.0	0.00	50.4	0.0	0.0	9.5	0.000	0.000	0.7871685126	0.785	0.002
20170831	0.7267818224	0.172	0.0	11.5	1.46	3.27	0.0	0.00	48.9	0.0	0.0	8.7	0.000	0.000	0.7267818224	0.724	0.002
20170901	0.6710276249	0.174	0.0	7.7	2.55	5.87	0.0	0.00	46.4	0.0	0.0	8.1	0.000	0.000	0.6710276249	0.669	0.002
20170902	0.6195505439	0.145	0.0	10.0	2.30	5.60	0.0	0.00	44.1	0.0	0.0	7.5	0.000	0.000	0.6195505439	0.618	0.002
20170903	1.3114955647	1.340	32.0	10.2	1.46	2.92	0.0	0.00	67.5	7.1	3.5	9.7	0.000	0.5026451121	0.8088504526	1.309	0.002
20170904	1.1861851535	1.861	3.8	14.7	2.97	4.88	0.0	0.00	67.2	1.2	1.4	11.8	0.000	0.202556708	0.9836284455	1.184	0.002
20170905	1.5799052935	2.189	15.0	14.6	1.98	3.10	0.0	0.00	75.0	5.1	3.0	13.8	0.000	0.4349067397	1.1449985538	1.578	0.002
20170906	1.5581610813	1.723	5.6	12.8	1.53	2.26	0.0	0.00	76.9	2.2	1.8	15.6	0.000	0.2641717339	1.2939893475	1.556	0.002
20170907	1.6116050070	1.505	6.6	12.7	2.42	3.47	0.0	0.00	78.4	2.7	1.3	17.2	0.000	0.1800545163	1.4315504907	1.610	0.002
20170908	1.4493415197	1.122	1.0	11.4	2.11	3.03	0.0	0.00	76.9	0.4	0.0	17.4	0.000	0.000	1.4493415197	1.448	0.002
20170909	1.3831844992	0.983	1.5	11.4	3.13	4.57	0.0	0.00	74.7	0.6	0.0	16.6	0.000	0.000	1.3831844992	1.382	0.001
20170910	1.3139630995	0.746	1.3	11.8	2.37	3.57	0.0	0.00	73.1	0.5	0.0	15.8	0.000	0.000	1.3139630995	1.313	0.001
20170911	1.2213173806	0.548	0.3	14.0	2.72	4.19	0.0	0.00	70.6	0.1	0.0	14.7	0.000	0.000	1.2213173806	1.220	0.001
20170912	1.1352586384	0.440	0.3	14.8	2.97	4.74	0.0	0.00	67.8	0.1	0.0	13.7	0.000	0.000	1.1352586384	1.134	0.001
20170913	1.0481686308	0.368	0.0	16.3	2.77	4.62	0.0	0.00	65.1	0.0	0.0	12.6	0.000	0.000	1.0481686308	1.047	0.001
20170914	0.9677596290	0.350	0.0	16.5	1.64	2.84	0.0	0.00	63.4	0.0	0.0	11.6	0.000	0.000	0.967759629	0.967	0.001
20170915	0.8935191074	0.308	0.0	19.5	2.19	3.90	0.0	0.00	61.2	0.0	0.0	10.8	0.000	0.000	0.8935191074	0.893	0.001
20170916	0.8249738586	0.275	0.0	19.2	2.26	4.17	0.0	0.00	59.0	0.0	0.0	9.9	0.000	0.000	0.8249738586	0.824	0.001
20170917	0.7616869766	0.257	0.0	18.3	2.11	4.05	0.0	0.00	56.9	0.0	0.0	9.2	0.000	0.000	0.7616869766	0.761	0.001
20170918	0.7032550719	0.236	0.0	19.6	1.26	2.50	0.0	0.00	55.6	0.0	0.0	8.5	0.000	0.000	0.7032550719	0.703	0.001
20170919	0.6493057009	0.217	0.0	18.2	0.81	1.65	0.0	0.00	54.8	0.0	0.0	7.8	0.000	0.000	0.6493057009	0.649	0.001
20170920	0.5994949912	0.201	0.0	18.3	1.98	4.07	0.0	0.00	52.8	0.0	0.0	7.2	0.000	0.000	0.5994949912	0.599	0.001
20170921	0.5579317398	0.166	0.3	17.6	2.33	4.97	0.0	0.00	50.7	0.1	0.0	6.7	0.000	0.000	0.5579317398	0.557	0.001
20170922	0.5151306742	0.131	0.0	16.6	1.86	4.13	0.0	0.00	48.9	0.0	0.0	6.2	0.000	0.000	0.5151306742	0.515	0.001
20170923	0.4756130411	0.125	0.0	17.7	1.57	3.62	0.0	0.00	47.3	0.0	0.0	5.7	0.000	0.000	0.4756130411	0.475	0.000
20170924	0.4391269560	0.118	0.0	21.6	1.72	4.12	0.0	0.00	45.6	0.0	0.0	5.3	0.000	0.000	0.439126956	0.439	0.000
20170925	0.4054398572	0.119	0.0	22.5	1.85	4.57	0.0	0.00	43.7	0.0	0.0	4.9	0.000	0.000	0.4054398572	0.405	0.000
20170926	0.3743370239	0.147	0.0	22.2	1.52	3.92	0.0	0.00	42.2	0.0	0.0	4.5	0.000	0.000	0.3743370239	0.374	0.000
20170927	0.3653793670	0.121	2.0	22.1	1.45	3.79	0.0	0.00	42.5	0.3	0.0	4.4	0.000	0.000	0.365379367	0.365	0.000
20170928	0.3522666153	0.141	1.5	13.0	1.70	4.44	0.0	0.00	42.1	0.2	0.0	4.2	0.000	0.000	0.3522666153	0.352	0.000
20170929	0.3252429036	0.133	0.0	8.1	1.57	4.22	0.0	0.00	40.5	0.0	0.0	3.9	0.000	0.000	0.3252429036	0.325	0.000
20170930	0.3029868044	0.147	0.3	6.8	0.66	1.84	0.0	0.00	40.2	0.0	0.0	3.6	0.000	0.000	0.3029868044	0.303	0.000
