Date	Qsim	Qobs	Precipitation	Temperature	AET	PET	Snow	Snowcover	SM	Recharge	SUZ	SLZ	Q0	Q1	Q2	Qsim_rain	Qsim_snow
20151001	1.8591104974	1.116	0.0	7.9	2.27	2.27	0.0	0.00	69.1	0.0	4.2	10.2	0.000	0.6861151487	1.1729953486	1.859	0.000
20151002	1.5110780467	0.592	0.0	5.9	1.68	1.68	0.0	0.00	67.4	0.0	0.5	12.4	0.000	0.0795523605	1.4315256862	1.511	0.000
20151003	1.3345462080	0.452	0.0	6.2	1.86	1.91	0.0	0.00	65.6	0.0	0.0	11.6	0.000	0.000	1.334546208	1.335	0.000
20151004	1.1967092324	0.376	0.0	6.4	1.80	1.90	0.0	0.00	63.8	0.0	0.0	10.4	0.000	0.000	1.1967092324	1.197	0.000
20151005	1.0731085805	0.340	0.0	7.3	2.12	2.30	0.0	0.00	61.6	0.0	0.0	9.3	0.000	0.000	1.0731085805	1.073	0.000
20151006	0.9658089968	0.319	0.1	8.6	2.47	2.77	0.0	0.00	59.2	0.0	0.0	8.4	0.000	0.000	0.9658089968	0.966	0.000
20151007	0.8660565938	0.314	0.0	10.8	1.75	2.04	0.0	0.00	57.5	0.0	0.0	7.5	0.000	0.000	0.8660565938	0.866	0.000
20151008	0.7766069960	0.308	0.0	7.1	1.50	1.80	0.0	0.00	56.0	0.0	0.0	6.7	0.000	0.000	0.776606996	0.777	0.000
20151009	1.3757205416	1.196	17.1	7.1	1.06	1.19	0.0	0.00	66.2	5.8	1.9	9.3	0.000	0.2996427211	1.0760778205	1.376	0.000
20151010	1.1685291151	0.728	0.3	4.9	1.99	2.07	0.0	0.00	64.4	0.1	0.0	10.1	0.000	0.000	1.1685291151	1.169	0.000
20151011	1.0478390122	0.533	0.0	9.3	2.01	2.16	0.0	0.00	62.4	0.0	0.0	9.1	0.000	0.000	1.0478390122	1.048	0.000
20151012	0.9396142393	0.467	0.0	13.4	2.11	2.34	0.0	0.00	60.3	0.0	0.0	8.2	0.000	0.000	0.9396142393	0.940	0.000
20151013	1.0191157417	0.469	5.0	13.2	1.41	1.58	0.0	0.00	62.1	1.7	0.0	8.8	0.000	0.000	1.0191157417	1.019	0.000
20151014	1.0956340409	0.666	4.9	6.0	1.61	1.74	0.0	0.00	63.7	1.8	0.0	9.5	0.000	0.000	1.0956340409	1.096	0.000
20151015	0.9824728167	0.539	0.0	6.4	1.99	2.16	0.0	0.00	61.7	0.0	0.0	8.5	0.000	0.000	0.9824728167	0.982	0.000
20151016	0.9597591505	0.553	2.2	4.2	1.90	2.11	0.0	0.00	61.2	0.8	0.0	8.3	0.000	0.000	0.9597591505	0.960	0.000
20151017	0.8606315985	0.594	7.2	-0.6	2.03	2.30	4.7	1.00	59.2	0.0	0.0	7.5	0.000	0.000	0.8606315985	0.861	0.000
20151018	0.7717423147	0.564	0.8	-3.3	0.00	1.09	5.3	1.00	59.2	0.0	0.0	6.7	0.000	0.000	0.7717423147	0.772	0.000
20151019	0.6920338520	0.516	0.8	-2.3	0.00	2.01	5.8	1.00	59.2	0.0	0.0	6.0	0.000	0.000	0.692033852	0.692	0.000
20151020	0.8350641075	0.569	0.4	7.1	0.00	1.33	0.0	0.00	63.3	2.1	0.0	7.3	0.000	0.000	0.8350641075	0.816	0.019
20151021	0.7820946997	0.528	0.9	9.6	1.24	1.34	0.0	0.00	62.6	0.3	0.0	6.8	0.000	0.000	0.7820946997	0.762	0.020
20151022	0.7376432942	0.495	1.0	10.5	1.02	1.12	0.0	0.00	62.3	0.4	0.0	6.4	0.000	0.000	0.7376432942	0.717	0.021
20151023	0.6722436444	0.459	0.3	1.8	0.83	0.92	0.0	0.00	61.6	0.1	0.0	5.8	0.000	0.000	0.6722436444	0.652	0.020
20151024	0.6028117804	0.416	0.0	1.6	1.75	1.97	0.0	0.00	59.9	0.0	0.0	5.2	0.000	0.000	0.6028117804	0.585	0.018
20151025	0.6718967583	0.519	3.8	6.4	1.36	1.54	0.0	0.00	61.0	1.3	0.0	5.8	0.000	0.000	0.6718967583	0.645	0.026
20151026	0.6303168563	0.476	0.8	1.8	1.28	1.44	0.0	0.00	60.3	0.3	0.0	5.5	0.000	0.000	0.6303168563	0.604	0.026
20151027	0.5652153494	0.432	0.0	2.4	0.92	1.05	0.0	0.00	59.4	0.0	0.0	4.9	0.000	0.000	0.5652153494	0.542	0.023
20151028	1.3110636382	0.944	18.0	3.1	0.91	0.97	0.0	0.00	69.7	6.7	2.6	7.7	0.000	0.4245441361	0.8865195021	1.241	0.070
20151029	2.1296506549	3.926	16.9	10.5	1.72	1.72	0.0	0.00	77.0	7.9	5.9	10.2	0.000	0.9550125073	1.1746381476	2.021	0.109
20151030	1.8486427681	1.432	1.5	1.2	1.04	1.04	0.0	0.00	76.7	0.8	2.6	12.4	0.000	0.4156439574	1.4329988107	1.755	0.094
20151031	1.5507984766	1.030	0.0	1.8	1.32	1.32	0.0	0.00	75.4	0.0	0.0	13.5	0.000	0.000	1.5507984766	1.472	0.079
20151101	1.4354216394	0.931	0.9	5.2	0.84	0.84	0.0	0.00	75.0	0.4	0.0	12.5	0.000	0.000	1.4354216394	1.363	0.073
20151102	1.3118416958	0.828	0.5	5.7	1.50	1.50	0.0	0.00	73.8	0.2	0.0	11.4	0.000	0.000	1.3118416958	1.245	0.066
20151103	1.1811468321	0.793	0.1	8.2	1.05	1.05	0.0	0.00	72.8	0.0	0.0	10.3	0.000	0.000	1.1811468321	1.121	0.060
20151104	1.0591535237	0.746	0.0	7.5	1.26	1.26	0.0	0.00	71.5	0.0	0.0	9.2	0.000	0.000	1.0591535237	1.006	0.054
20151105	0.9497601452	0.736	0.0	11.9	1.51	1.51	0.0	0.00	70.0	0.0	0.0	8.2	0.000	0.000	0.9497601452	0.902	0.048
20151106	0.8560546162	0.721	0.1	14.4	1.60	1.60	0.0	0.00	68.5	0.0	0.0	7.4	0.000	0.000	0.8560546162	0.813	0.043
20151107	0.8356359101	0.692	1.6	6.7	1.53	1.53	0.0	0.00	67.9	0.7	0.0	7.3	0.000	0.000	0.8356359101	0.794	0.042
20151108	0.7743196750	0.691	0.6	1.1	1.63	1.66	0.0	0.00	66.6	0.2	0.0	6.7	0.000	0.000	0.774319675	0.736	0.039
20151109	0.6943450128	0.660	0.0	3.9	0.92	0.95	0.0	0.00	65.7	0.0	0.0	6.0	0.000	0.000	0.6943450128	0.660	0.035
20151110	0.6226304359	0.636	0.0	5.1	1.29	1.35	0.0	0.00	64.4	0.0	0.0	5.4	0.000	0.000	0.6226304359	0.591	0.031
20151111	0.5773663395	0.642	0.5	6.2	0.88	0.94	0.0	0.00	63.8	0.2	0.0	5.0	0.000	0.000	0.5773663395	0.549	0.029
20151112	0.9181617058	0.860	9.8	5.4	1.26	1.30	0.0	0.00	68.6	3.8	0.1	7.8	0.000	0.0207462138	0.897415492	0.877	0.042
20151113	1.4165920199	1.728	11.8	3.6	1.49	1.49	0.0	0.00	73.6	5.2	1.4	10.3	0.000	0.2321832613	1.1844087585	1.359	0.057
20151114	1.2105602375	1.754	4.9	-1.4	1.56	1.56	3.2	1.00	72.1	0.0	0.0	10.5	0.000	0.000	1.2105602375	1.161	0.049
20151115	1.0855290015	1.139	0.2	0.3	0.00	1.24	3.4	1.00	72.1	0.0	0.0	9.4	0.000	0.000	1.0855290015	1.041	0.044
20151116	0.9734114640	1.105	1.0	0.3	0.00	0.98	4.0	1.00	72.1	0.0	0.0	8.5	0.000	0.000	0.973411464	0.934	0.040
20151117	0.8728738495	0.978	0.0	-0.8	0.00	0.81	4.0	1.00	72.1	0.0	0.0	7.6	0.000	0.000	0.8728738495	0.837	0.035
20151118	0.8131648132	0.876	0.0	0.7	0.00	1.22	3.4	1.00	72.4	0.3	0.0	7.1	0.000	0.000	0.8131648132	0.780	0.033
20151119	1.2286479284	0.909	6.2	5.3	0.00	1.07	0.0	0.00	77.5	4.5	0.7	9.6	0.000	0.1197881201	1.1088598083	1.160	0.069
20151120	1.5259215526	2.448	7.7	2.6	0.69	0.69	0.0	0.00	80.4	4.0	0.9	11.9	0.000	0.1519072458	1.3740143068	1.434	0.092
20151121	1.3292459249	1.382	0.0	-0.1	1.25	1.25	0.0	0.00	79.2	0.0	0.0	11.5	0.000	0.000	1.3292459249	1.250	0.079
20151122	1.2027831505	1.177	0.2	2.4	1.08	1.08	0.0	0.00	78.2	0.1	0.0	10.4	0.000	0.000	1.2027831505	1.131	0.072
20151123	1.0785551614	1.032	1.6	-5.1	0.94	0.94	1.1	1.00	77.3	0.0	0.0	9.4	0.000	0.000	1.0785551614	1.014	0.064
20151124	0.9671579085	0.903	0.0	-7.0	0.00	0.38	1.1	1.00	77.3	0.0	0.0	8.4	0.000	0.000	0.9671579085	0.909	0.058
20151125	0.8672661848	0.904	0.0	-3.3	0.00	0.52	1.1	1.00	77.3	0.0	0.0	7.5	0.000	0.000	0.8672661848	0.815	0.052
20151126	0.8323511786	0.903	0.0	1.1	0.00	0.48	0.0	0.00	77.8	0.5	0.0	7.2	0.000	0.000	0.8323511786	0.781	0.051
20151127	0.7936525945	0.918	0.9	5.7	1.19	1.19	0.0	0.00	77.1	0.5	0.0	6.9	0.000	0.000	0.7936525945	0.744	0.050
20151128	0.7116811553	1.010	1.2	0.3	1.05	1.05	0.8	1.00	76.0	0.0	0.0	6.2	0.000	0.000	0.7116811553	0.667	0.045
20151129	0.6381760361	0.903	0.6	-5.4	0.00	0.29	1.2	1.00	76.0	0.0	0.0	5.5	0.000	0.000	0.6381760361	0.598	0.040
20151130	0.5722628034	0.793	0.1	-6.7	0.00	0.22	1.2	1.00	76.0	0.0	0.0	5.0	0.000	0.000	0.5722628034	0.536	0.036
20151201	0.5131573385	0.886	8.2	-4.3	0.00	0.65	6.6	1.00	76.0	0.0	0.0	4.5	0.000	0.000	0.5131573385	0.481	0.032
20151202	2.0329256625	3.150	19.8	1.5	0.00	0.72	4.0	1.00	86.2	12.3	7.4	7.3	0.000	1.1930874232	0.8398382393	1.857	0.176
20151203	2.6630031247	2.823	9.4	1.1	0.00	1.31	1.8	1.00	90.5	7.3	9.5	9.8	0.000	1.5302248227	1.1327783021	2.417	0.246
20151204	2.2017516770	1.756	3.3	-0.6	0.00	1.15	4.0	1.00	90.5	0.0	5.0	12.1	0.000	0.8062892689	1.3954624082	2.000	0.202
20151205	1.8887960022	1.641	0.8	0.4	0.00	0.85	4.0	1.00	90.8	0.5	1.6	14.2	0.000	0.2577804951	1.6310155071	1.716	0.173
20151206	1.6274092390	1.519	0.0	-0.1	0.00	0.95	4.0	1.00	90.8	0.0	0.0	14.1	0.000	0.000	1.627409239	1.479	0.149
20151207	1.4593242628	1.415	0.0	-0.7	0.00	1.20	4.0	1.00	90.8	0.0	0.0	12.7	0.000	0.000	1.4593242628	1.326	0.133
20151208	1.3085997381	1.357	0.5	-2.1	0.00	0.41	4.3	1.00	90.8	0.0	0.0	11.4	0.000	0.000	1.3085997381	1.189	0.120
20151209	1.1734426120	1.346	0.0	0.4	0.00	0.68	4.3	1.00	90.8	0.0	0.0	10.2	0.000	0.000	1.173442612	1.066	0.107
20151210	1.3479766456	1.485	0.0	4.2	0.00	0.74	0.0	0.00	92.2	2.9	0.0	11.7	0.000	0.000	1.3479766456	1.209	0.139
20151211	1.2087525236	1.555	0.0	5.2	0.65	0.65	0.0	0.00	91.5	0.0	0.0	10.5	0.000	0.000	1.2087525236	1.084	0.125
20151212	1.1046786822	1.411	0.3	3.6	0.33	0.33	0.0	0.00	91.3	0.2	0.0	9.6	0.000	0.000	1.1046786822	0.990	0.115
20151213	1.0112660176	1.283	0.3	1.4	0.88	0.88	0.0	0.00	90.5	0.2	0.0	8.8	0.000	0.000	1.0112660176	0.905	0.106
20151214	1.0089592605	1.250	1.5	3.7	0.64	0.64	0.0	0.00	90.4	1.0	0.0	8.8	0.000	0.000	1.0089592605	0.899	0.110
20151215	1.7504277539	2.227	10.4	3.7	0.54	0.54	0.0	0.00	93.2	7.0	2.9	11.2	0.000	0.4659958888	1.2844318651	1.545	0.206
20151216	1.4497762542	1.702	0.8	-1.5	0.95	0.95	0.5	1.00	92.3	0.0	0.0	12.6	0.000	0.000	1.4497762542	1.280	0.169
20151217	1.7269467510	1.604	5.3	2.1	0.00	0.60	0.0	0.00	94.1	4.0	0.3	14.6	0.000	0.0472271372	1.6797196138	1.522	0.205
20151218	1.6673446772	2.089	1.8	1.3	1.02	1.02	0.0	0.00	93.6	1.3	0.0	14.5	0.000	0.000	1.6673446772	1.469	0.199
20151219	1.4951350180	1.610	5.8	-4.2	0.82	0.82	3.8	1.00	92.8	0.0	0.0	13.0	0.000	0.000	1.495135018	1.317	0.178
20151220	1.3407118233	1.473	0.5	-6.5	0.00	0.36	4.1	1.00	92.8	0.0	0.0	11.6	0.000	0.000	1.3407118233	1.181	0.160
20151221	1.2022380396	1.446	1.3	-3.4	0.00	0.58	5.0	1.00	92.8	0.0	0.0	10.4	0.000	0.000	1.2022380396	1.059	0.143
20151222	3.5475312095	4.738	20.6	2.7	0.00	0.24	0.0	0.00	99.7	18.7	12.9	12.7	0.000	2.089783128	1.4577480815	3.077	0.470
20151223	3.8370656629	3.627	7.9	4.8	1.01	1.01	0.0	0.00	100.4	6.2	13.3	14.6	0.000	2.1501975822	1.6868680807	3.333	0.504
20151224	4.2387195016	5.496	9.1	7.1	1.04	1.04	0.0	0.00	101.2	7.2	14.5	16.4	0.000	2.3463958011	1.8923237006	3.696	0.543
20151225	3.5855314222	3.355	0.0	3.7	1.27	1.27	0.0	0.00	99.9	0.0	9.3	18.0	0.000	1.5089723347	2.0765590876	3.126	0.459
20151226	3.0297578697	2.822	0.0	-0.1	1.48	1.48	0.0	0.00	98.4	0.0	4.9	19.5	0.000	0.7879919221	2.2417659476	2.642	0.388
20151227	2.5571728700	4.305	11.7	-1.5	0.74	0.74	7.7	1.00	97.7	0.0	1.0	20.7	0.000	0.1672632512	2.3899096188	2.230	0.327
20151228	2.2500359282	3.357	1.8	-8.5	0.00	0.69	8.9	1.00	97.7	0.0	0.0	19.5	0.000	0.000	2.2500359282	1.962	0.288
20151229	2.0176437146	3.062	26.9	-8.4	0.00	0.26	26.6	1.00	97.7	0.0	0.0	17.5	0.000	0.000	2.0176437146	1.760	0.258
20151230	1.8092538471	2.735	3.3	-4.0	0.00	1.10	28.7	1.00	97.7	0.0	0.0	15.7	0.000	0.000	1.8092538471	1.578	0.231
20151231	1.6223872726	2.643	3.3	-1.4	0.00	0.60	30.9	1.00	97.7	0.0	0.0	14.1	0.000	0.000	1.6223872726	1.415	0.208
20160101	1.4548209841	2.500	2.8	-3.1	0.00	0.77	32.7	1.00	97.7	0.0	0.0	12.6	0.000	0.000	1.4548209841	1.269	0.186
20160102	1.3045615751	2.339	0.8	-4.5	0.00	0.84	33.3	1.00	97.7	0.0	0.0	11.3	0.000	0.000	1.3045615751	1.138	0.167
20160103	1.1698215257	2.225	1.8	-5.0	0.00	0.53	34.5	1.00	97.7	0.0	0.0	10.2	0.000	0.000	1.1698215257	1.020	0.150
20160104	1.0489979377	2.115	1.0	-13.8	0.00	0.76	35.1	1.00	97.7	0.0	0.0	9.1	0.000	0.000	1.0489979377	0.915	0.134
20160105	0.9406534666	2.022	0.3	-17.5	0.00	1.25	35.3	1.00	97.7	0.0	0.0	8.2	0.000	0.000	0.9406534666	0.820	0.120
20160106	0.8434992218	1.919	0.0	-10.3	0.00	0.64	35.3	1.00	97.7	0.0	0.0	7.3	0.000	0.000	0.8434992218	0.736	0.108
20160107	0.7563794346	1.800	0.0	-5.6	0.00	0.70	35.3	1.00	97.7	0.0	0.0	6.6	0.000	0.000	0.7563794346	0.660	0.097
20160108	0.6782577082	1.753	0.0	-5.2	0.00	0.85	35.3	1.00	97.7	0.0	0.0	5.9	0.000	0.000	0.6782577082	0.592	0.087
20160109	0.6082046890	1.727	0.0	-0.6	0.00	0.59	35.3	1.00	97.7	0.0	0.0	5.3	0.000	0.000	0.608204689	0.530	0.078
20160110	4.0280420168	6.849	31.5	2.0	0.00	0.37	34.1	1.00	104.4	26.0	19.2	8.0	0.000	3.1029732766	0.9250687402	3.547	0.481
20160111	3.3695542006	5.554	1.8	-5.9	0.00	1.44	35.3	1.00	104.4	0.0	13.4	10.5	0.000	2.1603483258	1.2092058748	2.967	0.403
20160112	2.8127908623	3.136	0.3	-7.2	0.00	0.35	35.5	1.00	104.4	0.0	8.4	12.7	0.000	1.34879461	1.4639962523	2.476	0.337
20160113	2.3425576969	2.619	3.3	-13.2	0.00	1.53	37.7	1.00	104.4	0.0	4.0	14.7	0.000	0.6500867801	1.6924709168	2.062	0.281
20160114	1.9458815619	2.367	0.5	-13.2	0.00	0.87	38.0	1.00	104.4	0.0	0.3	16.5	0.000	0.0485337073	1.8973478546	1.713	0.233
20160115	1.7324200076	2.206	0.0	-9.7	0.00	0.73	38.0	1.00	104.4	0.0	0.0	15.0	0.000	0.000	1.7324200076	1.525	0.208
20160116	1.5534891224	2.124	4.6	-2.6	0.00	0.51	41.0	1.00	104.4	0.0	0.0	13.5	0.000	0.000	1.5534891224	1.367	0.186
20160117	1.3930388952	2.016	0.3	-7.1	0.00	1.26	41.2	1.00	104.4	0.0	0.0	12.1	0.000	0.000	1.3930388952	1.226	0.167
20160118	1.2491605738	1.878	5.3	-11.7	0.00	0.40	44.7	1.00	104.4	0.0	0.0	10.8	0.000	0.000	1.2491605738	1.099	0.150
20160119	1.1201425492	1.765	2.0	-15.4	0.00	0.67	46.0	1.00	104.4	0.0	0.0	9.7	0.000	0.000	1.1201425492	0.986	0.134
20160120	1.0044499937	1.637	1.3	-12.0	0.00	0.91	46.9	1.00	104.4	0.0	0.0	8.7	0.000	0.000	1.0044499937	0.884	0.120
20160121	0.9007066025	1.556	0.8	-13.8	0.00	0.90	47.4	1.00	104.4	0.0	0.0	7.8	0.000	0.000	0.9007066025	0.793	0.108
20160122	0.8076782208	1.458	0.0	-11.8	0.00	1.01	47.4	1.00	104.4	0.0	0.0	7.0	0.000	0.000	0.8076782208	0.711	0.097
20160123	0.7242581620	1.383	0.0	-11.0	0.00	1.07	47.4	1.00	104.4	0.0	0.0	6.3	0.000	0.000	0.724258162	0.637	0.087
20160124	0.6494540420	1.268	0.0	-10.1	0.00	0.98	47.4	1.00	104.4	0.0	0.0	5.6	0.000	0.000	0.649454042	0.572	0.078
20160125	0.5823759743	1.172	0.0	-6.0	0.00	1.19	47.4	1.00	104.4	0.0	0.0	5.1	0.000	0.000	0.5823759743	0.513	0.070
20160126	0.5222259829	1.156	1.8	-1.8	0.00	0.78	48.6	1.00	104.4	0.0	0.0	4.5	0.000	0.000	0.5222259829	0.460	0.063
20160127	0.4682885099	1.149	0.8	-5.7	0.00	1.47	49.1	1.00	104.4	0.0	0.0	4.1	0.000	0.000	0.4682885099	0.412	0.056
20160128	0.4199219029	1.122	0.3	-6.9	0.00	1.33	49.3	1.00	104.4	0.0	0.0	3.6	0.000	0.000	0.4199219029	0.370	0.050
20160129	0.3765507819	1.065	0.0	-3.2	0.00	1.00	49.3	1.00	104.4	0.0	0.0	3.3	0.000	0.000	0.3765507819	0.331	0.045
20160130	0.3376591941	1.028	0.0	-4.9	0.00	1.16	49.3	1.00	104.4	0.0	0.0	2.9	0.000	0.000	0.3376591941	0.297	0.040
20160131	0.3027844766	0.987	0.0	-0.2	0.00	0.95	49.3	1.00	104.4	0.0	0.0	2.6	0.000	0.000	0.3027844766	0.266	0.036
20160201	0.2774369859	1.314	0.0	2.1	0.00	0.76	49.2	1.00	104.4	0.1	0.0	2.4	0.000	0.000	0.2774369859	0.244	0.033
20160202	0.2487822456	1.256	0.0	-3.8	0.00	0.85	49.2	1.00	104.4	0.0	0.0	2.2	0.000	0.000	0.2487822456	0.219	0.030
20160203	0.2230870751	1.980	11.4	-1.8	0.00	0.43	56.7	1.00	104.4	0.0	0.0	1.9	0.000	0.000	0.2230870751	0.196	0.027
20160204	0.3173488084	2.251	0.5	1.2	0.00	0.93	55.9	1.00	104.6	1.1	0.0	2.8	0.000	0.000	0.3173488084	0.278	0.039
20160205	0.2845718242	1.600	0.3	-5.4	0.00	0.87	56.1	1.00	104.6	0.0	0.0	2.5	0.000	0.000	0.2845718242	0.249	0.035
20160206	0.2551801708	1.293	0.0	-5.5	0.00	0.98	56.1	1.00	104.6	0.0	0.0	2.2	0.000	0.000	0.2551801708	0.224	0.031
20160207	0.2288241985	1.158	0.0	-3.7	0.00	0.48	56.1	1.00	104.6	0.0	0.0	2.0	0.000	0.000	0.2288241985	0.201	0.028
20160208	0.2051903705	1.029	1.5	-7.1	0.00	0.79	57.1	1.00	104.6	0.0	0.0	1.8	0.000	0.000	0.2051903705	0.180	0.025
20160209	0.1839975336	0.916	3.3	-6.8	0.00	0.50	59.2	1.00	104.6	0.0	0.0	1.6	0.000	0.000	0.1839975336	0.161	0.023
20160210	0.1649935730	0.894	1.0	-4.8	0.00	0.54	59.9	1.00	104.6	0.0	0.0	1.4	0.000	0.000	0.164993573	0.145	0.020
20160211	0.1479524133	0.871	1.0	-14.5	0.00	0.30	60.6	1.00	104.6	0.0	0.0	1.3	0.000	0.000	0.1479524133	0.130	0.018
20160212	0.1326713289	0.845	0.0	-16.6	0.00	0.35	60.6	1.00	104.6	0.0	0.0	1.2	0.000	0.000	0.1326713289	0.116	0.016
20160213	0.1189685327	0.838	1.3	-21.1	0.00	0.49	61.4	1.00	104.6	0.0	0.0	1.0	0.000	0.000	0.1189685327	0.104	0.015
20160214	0.1066810131	0.830	0.0	-25.3	0.00	0.67	61.4	1.00	104.6	0.0	0.0	0.9	0.000	0.000	0.1066810131	0.094	0.013
20160215	0.0956625949	0.823	0.0	-17.7	0.00	0.30	61.4	1.00	104.6	0.0	0.0	0.8	0.000	0.000	0.0956625949	0.084	0.012
20160216	0.0857822006	3.469	29.7	-1.9	0.00	0.39	80.9	1.00	104.6	0.0	0.0	0.7	0.000	0.000	0.0857822006	0.075	0.011
20160217	0.0769222907	3.215	0.0	-4.7	0.00	1.21	80.9	1.00	104.6	0.0	0.0	0.7	0.000	0.000	0.0769222907	0.067	0.009
20160218	0.0689774659	1.557	0.0	-10.4	0.00	1.16	80.9	1.00	104.6	0.0	0.0	0.6	0.000	0.000	0.0689774659	0.060	0.009
20160219	0.0618532125	1.329	4.8	-8.5	0.00	1.58	84.1	1.00	104.6	0.0	0.0	0.5	0.000	0.000	0.0618532125	0.054	0.008
20160220	0.0554647790	1.221	11.2	-0.5	0.00	0.87	91.5	1.00	104.6	0.0	0.0	0.5	0.000	0.000	0.055464779	0.049	0.007
20160221	0.0497361670	1.322	2.3	-2.5	0.00	1.11	93.0	1.00	104.6	0.0	0.0	0.4	0.000	0.000	0.049736167	0.044	0.006
20160222	0.0445992277	1.223	0.3	-10.1	0.00	1.45	93.2	1.00	104.6	0.0	0.0	0.4	0.000	0.000	0.0445992277	0.039	0.005
20160223	0.0399928510	1.108	0.0	-9.6	0.00	1.00	93.2	1.00	104.6	0.0	0.0	0.3	0.000	0.000	0.039992851	0.035	0.005
20160224	0.0358622382	2.554	32.5	-1.9	0.00	0.34	114.5	1.00	104.6	0.0	0.0	0.3	0.000	0.000	0.0358622382	0.031	0.004
20160225	2.3963430688	13.910	28.7	1.6	0.00	0.41	122.4	1.00	107.5	17.9	12.3	3.6	0.000	1.9845030882	0.4118399806	2.098	0.298
20160226	1.9463858309	5.036	1.0	-9.5	0.00	1.30	123.1	1.00	107.5	0.0	7.4	6.5	0.000	1.19740051	0.7489853209	1.704	0.242
20160227	1.5710529234	3.619	0.0	-8.6	0.00	1.37	123.1	1.00	107.5	0.0	3.2	9.1	0.000	0.519743907	1.0513090165	1.375	0.196
20160228	1.4232373570	3.085	1.0	1.4	0.00	1.26	122.7	1.00	107.7	1.2	0.6	11.5	0.000	0.1008297787	1.3224075782	1.246	0.177
20160229	2.2141483119	3.157	4.8	1.7	0.00	1.26	118.8	1.00	108.6	7.7	4.0	13.6	0.000	0.6486422558	1.5655060561	1.921	0.294
20160301	1.8307864474	2.891	0.3	-7.6	0.00	0.66	119.0	1.00	108.6	0.0	0.3	15.5	0.000	0.047290043	1.7834964044	1.589	0.241
20160302	1.6295322394	2.560	13.7	-7.6	0.00	0.59	128.1	1.00	108.6	0.0	0.0	14.1	0.000	0.000	1.6295322394	1.415	0.215
20160303	1.4612279917	2.368	0.3	-14.5	0.00	0.69	128.3	1.00	108.6	0.0	0.0	12.7	0.000	0.000	1.4612279917	1.269	0.193
20160304	1.3103068428	2.204	0.0	-13.0	0.00	0.48	128.3	1.00	108.6	0.0	0.0	11.4	0.000	0.000	1.3103068428	1.138	0.173
20160305	1.1749734004	1.984	0.0	-10.4	0.00	0.90	128.3	1.00	108.6	0.0	0.0	10.2	0.000	0.000	1.1749734004	1.020	0.155
20160306	1.0536177074	1.821	0.0	-5.6	0.00	0.94	128.3	1.00	108.6	0.0	0.0	9.1	0.000	0.000	1.0536177074	0.915	0.139
20160307	0.9447960889	1.791	2.8	-3.1	0.00	0.21	130.1	1.00	108.6	0.0	0.0	8.2	0.000	0.000	0.9447960889	0.820	0.124
20160308	0.8472139785	1.792	0.0	3.1	0.00	1.15	130.1	1.00	108.6	0.0	0.0	7.4	0.000	0.000	0.8472139785	0.736	0.112
20160309	3.3817746524	3.496	0.0	8.8	0.00	1.18	108.3	1.00	110.6	19.8	13.9	9.9	0.000	2.2423824054	1.1393922471	2.556	0.826
20160310	6.2413955620	9.592	15.5	4.1	0.00	0.54	97.6	1.00	112.3	24.6	30.0	12.2	0.000	4.8400023221	1.4013932399	4.442	1.799
20160311	5.2921786713	8.586	1.5	-0.8	0.00	0.70	98.6	1.00	112.3	0.0	22.6	14.2	0.000	3.6558448912	1.6363337801	3.773	1.519
20160312	5.5763087399	6.622	0.0	3.3	0.00	1.08	90.3	1.00	112.7	7.9	23.1	16.0	0.000	3.7292999664	1.8470087735	3.906	1.670
20160313	5.5681974808	6.679	0.0	2.5	0.00	1.41	84.0	1.00	112.9	6.0	21.9	17.7	0.000	3.5322730234	2.0359244574	3.838	1.730
20160314	4.7352825066	5.417	4.8	-1.4	0.00	0.45	87.2	1.00	112.9	0.0	15.7	19.1	0.000	2.529954291	2.2053282156	3.270	1.465
20160315	5.2625764959	5.389	1.3	3.3	0.00	0.27	79.2	1.00	113.3	8.9	18.0	20.5	0.000	2.9053411825	2.3572353134	3.507	1.755
20160316	7.8150814018	7.689	5.8	7.0	0.00	1.05	60.3	1.00	114.1	24.0	32.9	21.6	0.000	5.3216285296	2.4934528722	4.726	3.089
20160317	8.9180894204	8.940	1.3	5.7	0.00	0.99	45.2	1.00	114.4	16.1	39.0	22.7	0.000	6.3024880537	2.6156013667	5.103	3.815
20160318	7.6401070710	6.288	1.8	-2.7	0.00	0.98	46.3	1.00	114.4	0.0	30.4	23.7	0.000	4.9149731679	2.725133903	4.385	3.255
20160319	6.5437446069	5.130	0.5	-6.2	0.00	1.17	46.7	1.00	114.4	0.0	23.0	24.5	0.000	3.7203911018	2.8233535052	3.768	2.776
20160320	5.6033433187	4.577	0.0	-4.3	0.00	1.31	46.7	1.00	114.4	0.0	16.7	25.3	0.000	2.6919147031	2.9114286156	3.237	2.366
20160321	4.7968541093	4.244	0.0	-1.1	0.00	1.21	46.7	1.00	114.4	0.0	11.2	26.0	0.000	1.8064471136	2.9904069958	2.781	2.016
20160322	4.1053312646	3.701	0.0	-2.4	0.00	1.13	46.7	1.00	114.4	0.0	6.5	26.6	0.000	1.0441030743	3.0612281904	2.389	1.716
20160323	3.5124970597	3.568	1.5	0.0	0.00	0.99	47.7	1.00	114.4	0.0	2.4	27.1	0.000	0.3877623553	3.1247347044	2.052	1.460
20160324	3.0499751500	3.266	4.1	-3.1	0.00	0.38	50.4	1.00	114.4	0.0	0.0	26.5	0.000	0.000	3.04997515	1.787	1.263
20160325	2.7349621907	3.635	5.8	-0.2	0.00	0.43	54.2	1.00	114.4	0.0	0.0	23.7	0.000	0.000	2.7349621907	1.602	1.133
20160326	2.4524849602	3.523	0.0	1.2	0.00	1.24	54.2	1.00	114.4	0.0	0.0	21.3	0.000	0.000	2.4524849602	1.437	1.016
20160327	3.4447053573	3.342	0.0	4.4	0.00	0.50	44.1	1.00	114.6	9.9	5.4	22.4	0.000	0.8658405818	2.5788647755	1.825	1.620
20160328	5.2360901831	4.481	13.7	1.4	0.00	0.26	40.9	1.00	114.9	16.6	15.8	23.4	0.000	2.5438985772	2.6921916058	2.628	2.608
20160329	4.4728261228	4.507	4.1	-2.0	0.00	0.93	43.6	1.00	114.9	0.0	10.4	24.3	0.000	1.67901251	2.7938136129	2.255	2.217
20160330	4.1744967522	3.464	0.0	1.4	0.00	1.91	41.0	1.00	114.9	2.6	8.0	25.0	0.000	1.2895570372	2.884939715	2.098	2.076
20160331	6.2253520902	3.409	0.0	7.2	0.00	1.40	21.7	1.00	115.2	19.1	20.2	25.8	0.000	3.2586981213	2.9666539689	2.874	3.351
20160401	12.9199961166	7.248	21.8	7.6	0.00	0.60	1.2	1.00	115.5	42.0	48.6	26.4	1.7507567483	8.1293109023	3.0399284659	5.747	7.173
20160402	9.8329845584	5.250	2.3	2.7	0.00	0.74	0.0	0.00	115.5	3.5	41.7	27.0	0.000	6.7273496625	3.105634896	4.409	5.424
20160403	8.4453130322	4.035	1.3	-6.6	1.20	1.20	0.9	1.00	114.3	0.0	32.7	27.5	0.000	5.2807581146	3.1645549176	3.794	4.651
20160404	7.2527034050	3.379	0.0	-8.6	0.00	0.39	0.9	1.00	114.3	0.0	25.0	27.9	0.000	4.0353139482	3.2173894568	3.265	3.987
20160405	6.2278148282	3.052	0.0	-7.8	0.00	0.79	0.9	1.00	114.3	0.0	18.3	28.3	0.000	2.9630477832	3.264767045	2.810	3.418
20160406	5.3471306557	2.841	3.8	-3.6	0.00	0.60	3.4	1.00	114.3	0.0	12.6	28.7	0.000	2.0398793587	3.307251297	2.418	2.929
20160407	7.0917673954	4.811	15.0	2.8	0.00	0.22	0.0	0.00	114.6	18.0	23.2	29.0	0.000	3.7464197806	3.3453476148	3.307	3.785
20160408	6.0938333162	5.221	8.4	-1.8	0.75	0.75	5.5	1.00	113.9	0.0	16.8	29.3	0.000	2.7143241152	3.379509201	2.841	3.253
20160409	5.2358829645	3.752	0.5	-3.8	0.00	1.57	5.9	1.00	113.9	0.0	11.3	29.6	0.000	1.8257405151	3.4101424494	2.441	2.794
20160410	4.4983255242	3.241	0.5	-4.4	0.00	1.86	6.2	1.00	113.9	0.0	6.6	29.8	0.000	1.0607137439	3.4376117802	2.098	2.401
20160411	3.8643072996	3.349	7.6	-0.1	0.00	1.22	11.2	1.00	113.9	0.0	2.5	30.1	0.000	0.4020633249	3.4622439747	1.802	2.062
20160412	5.8370211446	6.278	13.7	2.4	0.00	0.54	6.3	1.00	114.4	18.1	14.6	30.3	0.000	2.3526890815	3.4843320631	2.859	2.978
20160413	5.6251806408	3.992	0.3	1.8	0.00	1.57	2.2	1.00	114.4	4.4	13.1	30.4	0.000	2.1210418306	3.5041388102	2.762	2.863
20160414	5.1307143643	3.437	0.0	3.2	0.00	1.95	0.0	0.00	114.5	2.1	10.0	30.6	0.000	1.6088145226	3.5218998416	2.517	2.614
20160415	4.4117775814	3.153	0.0	5.3	2.10	2.10	0.0	0.00	112.4	0.0	5.4	30.7	0.000	0.8739511348	3.5378264466	2.160	2.252
20160416	3.7933779967	2.927	0.0	7.0	2.40	2.40	0.0	0.00	110.0	0.0	1.5	30.8	0.000	0.2412699051	3.5521080917	1.854	1.940
20160417	3.3395255640	2.740	0.0	10.8	2.57	2.57	0.0	0.00	107.4	0.0	0.0	29.0	0.000	0.000	3.339525564	1.630	1.709
20160418	3.3225835228	2.715	3.6	10.4	2.28	2.28	0.0	0.00	105.6	3.2	0.0	28.8	0.000	0.000	3.3225835228	1.631	1.691
20160419	4.0721617067	4.629	10.2	6.7	1.35	1.35	0.0	0.00	105.6	8.8	4.4	29.2	0.000	0.7130654362	3.3590962704	2.074	1.998
20160420	3.4945930759	3.092	0.0	5.4	1.83	1.83	0.0	0.00	103.8	0.0	0.6	29.4	0.000	0.1027552324	3.3918378435	1.772	1.723
20160421	3.1072282038	2.674	0.0	10.2	1.76	1.76	0.0	0.00	102.0	0.0	0.0	27.0	0.000	0.000	3.1072282038	1.574	1.533
20160422	2.9113140451	2.642	1.5	14.9	1.26	1.26	0.0	0.00	101.1	1.2	0.0	25.3	0.000	0.000	2.9113140451	1.482	1.429
20160423	2.6515780991	2.532	0.5	4.9	2.25	2.25	0.0	0.00	98.9	0.4	0.0	23.0	0.000	0.000	2.6515780991	1.352	1.299
20160424	2.3777130927	2.301	0.0	3.5	2.32	2.32	0.0	0.00	96.6	0.0	0.0	20.6	0.000	0.000	2.3777130927	1.213	1.165
20160425	2.1321338991	2.157	0.0	3.5	1.46	1.46	0.0	0.00	95.1	0.0	0.0	18.5	0.000	0.000	2.1321338991	1.087	1.045
20160426	1.9119190527	2.213	8.1	0.2	0.33	0.33	5.3	1.00	94.8	0.0	0.0	16.6	0.000	0.000	1.9119190527	0.975	0.937
20160427	1.8523618046	2.759	0.5	1.0	0.00	1.39	4.0	1.00	95.3	1.3	0.0	16.1	0.000	0.000	1.8523618046	0.952	0.901
20160428	1.8342946463	2.361	0.0	1.1	0.00	2.27	1.6	1.00	96.0	1.7	0.0	15.9	0.000	0.000	1.8342946463	0.949	0.886
20160429	1.7671435788	2.071	0.0	4.6	0.00	2.26	0.0	0.00	96.4	1.2	0.0	15.3	0.000	0.000	1.7671435788	0.917	0.851
20160430	1.5846263120	1.902	0.0	7.3	2.08	2.08	0.0	0.00	94.3	0.0	0.0	13.8	0.000	0.000	1.584626312	0.822	0.763
20160501	1.9263462012	2.001	6.4	6.4	0.81	0.81	0.0	0.00	95.3	4.6	0.8	15.6	0.000	0.1257043531	1.8006418481	1.024	0.902
20160502	3.1401992499	3.685	15.0	4.2	0.46	0.46	0.0	0.00	98.8	11.1	7.1	17.3	0.000	1.1458527667	1.9943464833	1.806	1.335
20160503	2.6752206544	2.943	0.3	5.1	1.36	1.36	0.0	0.00	97.5	0.2	3.1	18.8	0.000	0.5071760826	2.1680445717	1.532	1.144
20160504	2.2684609232	2.463	0.0	5.2	1.64	1.64	0.0	0.00	95.8	0.0	0.0	19.7	0.000	0.000	2.2684609232	1.292	0.976
20160505	2.0341657065	2.270	0.0	8.3	0.94	0.94	0.0	0.00	94.9	0.0	0.0	17.7	0.000	0.000	2.0341657065	1.159	0.876
20160506	1.8240693853	1.994	0.0	12.7	1.66	1.66	0.0	0.00	93.2	0.0	0.0	15.8	0.000	0.000	1.8240693853	1.039	0.785
20160507	1.6356726060	1.875	0.0	13.0	1.15	1.15	0.0	0.00	92.1	0.0	0.0	14.2	0.000	0.000	1.635672606	0.932	0.704
20160508	3.2767553868	3.494	19.6	4.1	0.82	0.82	0.0	0.00	96.9	14.0	8.9	16.0	0.000	1.4303394989	1.8464158879	2.091	1.186
20160509	2.8070172048	2.563	0.5	2.3	1.58	1.58	0.0	0.00	95.4	0.4	4.8	17.7	0.000	0.7716243975	2.0353928073	1.784	1.023
20160510	2.3580230939	2.120	0.0	6.9	2.74	2.74	0.0	0.00	92.7	0.0	0.9	19.1	0.000	0.1531716176	2.2048514763	1.489	0.869
20160511	2.0750796602	1.923	0.0	9.7	3.02	3.02	0.0	0.00	89.7	0.0	0.0	18.0	0.000	0.000	2.0750796602	1.308	0.767
20160512	1.8607575912	1.807	0.0	14.9	3.24	3.24	0.0	0.00	86.4	0.0	0.0	16.2	0.000	0.000	1.8607575912	1.173	0.688
20160513	2.5663073103	2.636	11.7	14.3	1.60	1.60	0.0	0.00	89.1	7.4	3.2	17.8	0.000	0.5180540651	2.0482532453	1.709	0.858
20160514	3.0597392347	2.615	9.9	13.1	1.83	1.83	0.0	0.00	90.7	6.5	5.2	19.2	0.000	0.8433555951	2.2163836396	2.109	0.951
20160515	3.7106563649	4.502	11.9	4.6	0.95	0.95	0.0	0.00	93.5	8.1	8.3	20.6	0.000	1.3435074734	2.3671488915	2.655	1.056
20160516	3.5673963758	3.117	4.3	1.0	2.19	2.19	0.0	0.00	92.6	3.0	6.6	21.7	0.000	1.0650538373	2.5023425384	2.575	0.993
20160517	3.0293728064	2.596	0.0	6.2	3.44	3.44	0.0	0.00	89.2	0.0	2.5	22.8	0.000	0.4057999318	2.6235728746	2.177	0.852
20160518	2.6121102766	2.360	0.0	8.0	4.01	4.01	0.0	0.00	85.2	0.0	0.0	22.7	0.000	0.000	2.6121102766	1.871	0.741
20160519	2.5965824995	2.355	4.1	11.3	2.39	2.39	0.0	0.00	84.4	2.5	0.0	22.5	0.000	0.000	2.5965824995	1.882	0.714
20160520	2.3464950630	2.305	0.3	12.5	3.39	3.39	0.0	0.00	81.1	0.2	0.0	20.4	0.000	0.000	2.346495063	1.702	0.644
20160521	2.1041401855	2.031	0.0	14.4	2.86	2.86	0.0	0.00	78.3	0.0	0.0	18.3	0.000	0.000	2.1041401855	1.527	0.577
20160522	2.1467054381	1.966	4.8	15.5	1.40	1.40	0.0	0.00	79.2	2.5	0.0	18.6	0.000	0.000	2.1467054381	1.581	0.565
20160523	1.9249855881	1.738	0.0	12.0	3.32	3.32	0.0	0.00	75.8	0.0	0.0	16.7	0.000	0.000	1.9249855881	1.418	0.507
20160524	1.7663998217	1.604	0.8	16.3	1.74	1.74	0.0	0.00	74.5	0.4	0.0	15.3	0.000	0.000	1.7663998217	1.304	0.462
20160525	1.5985999788	1.513	0.3	17.8	2.24	2.24	0.0	0.00	72.4	0.1	0.0	13.9	0.000	0.000	1.5985999788	1.182	0.417
20160526	1.4334905319	1.334	0.0	17.9	2.73	2.73	0.0	0.00	69.7	0.0	0.0	12.4	0.000	0.000	1.4334905319	1.060	0.374
20160527	1.4316263237	1.211	3.3	21.3	2.72	2.72	0.0	0.00	68.9	1.4	0.0	12.4	0.000	0.000	1.4316263237	1.071	0.360
20160528	1.2837625469	1.060	0.0	22.8	3.51	3.53	0.0	0.00	65.4	0.0	0.0	11.1	0.000	0.000	1.2837625469	0.961	0.323
20160529	1.1902248653	0.969	1.0	21.1	1.24	1.31	0.0	0.00	64.7	0.4	0.0	10.3	0.000	0.000	1.1902248653	0.894	0.296
20160530	1.1765365087	1.100	2.8	19.6	1.59	1.68	0.0	0.00	64.9	1.1	0.0	10.2	0.000	0.000	1.1765365087	0.893	0.284
20160531	1.1132034275	0.970	1.5	18.1	2.85	3.02	0.0	0.00	63.0	0.6	0.0	9.7	0.000	0.000	1.1132034275	0.850	0.263
20160601	0.9982275707	0.807	0.0	16.9	4.53	4.97	0.0	0.00	58.4	0.0	0.0	8.7	0.000	0.000	0.9982275707	0.762	0.236
20160602	0.8951268549	0.697	0.0	17.8	3.46	4.09	0.0	0.00	55.0	0.0	0.0	7.8	0.000	0.000	0.8951268549	0.683	0.212
20160603	0.8317881923	0.686	1.0	18.2	2.61	3.26	0.0	0.00	53.1	0.3	0.0	7.2	0.000	0.000	0.8317881923	0.637	0.195
20160604	0.7458779644	0.582	0.0	17.8	2.93	3.81	0.0	0.00	50.2	0.0	0.0	6.5	0.000	0.000	0.7458779644	0.571	0.174
20160605	3.7935995273	6.100	56.9	14.7	0.75	0.78	0.0	0.00	82.9	23.4	17.0	9.1	0.000	2.7450769279	1.0485225995	3.409	0.385
20160606	3.2508820908	3.323	1.0	15.8	2.92	2.92	0.0	0.00	80.4	0.6	12.0	11.5	0.000	1.9309731378	1.3199089529	2.917	0.334
20160607	2.7519743103	1.761	0.5	15.3	4.05	4.05	0.0	0.00	76.6	0.3	7.4	13.6	0.000	1.1887088121	1.5632654982	2.464	0.288
20160608	2.3834963287	1.497	1.3	9.7	5.54	5.54	0.0	0.00	71.7	0.6	3.7	15.5	0.000	0.6020090688	1.7814872599	2.132	0.251
20160609	2.1906158227	1.494	3.3	6.3	3.05	3.05	0.0	0.00	70.5	1.5	1.3	17.2	0.000	0.2134455694	1.9771702533	1.962	0.228
20160610	1.9227760594	1.334	0.3	9.3	4.67	4.67	0.0	0.00	66.0	0.1	0.0	16.7	0.000	0.000	1.9227760594	1.721	0.202
20160611	1.7559259701	1.261	0.8	9.1	3.64	3.80	0.0	0.00	62.8	0.3	0.0	15.2	0.000	0.000	1.7559259701	1.573	0.183
20160612	1.6784716876	1.317	2.8	9.7	4.48	4.86	0.0	0.00	60.1	1.0	0.0	14.6	0.000	0.000	1.6784716876	1.508	0.171
20160613	1.8906413886	2.320	10.4	10.4	4.30	4.68	0.0	0.00	62.5	3.7	0.0	16.4	0.000	0.00584687	1.8847945186	1.717	0.174
20160614	1.6938649040	1.758	0.0	12.6	5.71	6.32	0.0	0.00	56.8	0.0	0.0	14.7	0.000	0.000	1.693864904	1.538	0.156
20160615	1.5281459938	1.105	0.3	15.9	4.91	5.96	0.0	0.00	52.1	0.1	0.0	13.3	0.000	0.000	1.5281459938	1.388	0.140
20160616	1.3703133007	0.865	0.0	16.6	2.80	3.72	0.0	0.00	49.3	0.0	0.0	11.9	0.000	0.000	1.3703133007	1.244	0.126
20160617	1.2287821646	0.704	0.0	16.2	3.76	5.27	0.0	0.00	45.5	0.0	0.0	10.7	0.000	0.000	1.2287821646	1.116	0.113
20160618	1.1018688991	0.610	0.0	17.3	3.05	4.63	0.0	0.00	42.5	0.0	0.0	9.6	0.000	0.000	1.1018688991	1.001	0.101
20160619	0.9880637152	0.522	0.0	19.1	2.81	4.57	0.0	0.00	39.7	0.0	0.0	8.6	0.000	0.000	0.9880637152	0.897	0.091
20160620	0.8860127608	0.444	0.0	21.6	3.21	5.59	0.0	0.00	36.5	0.0	0.0	7.7	0.000	0.000	0.8860127608	0.805	0.081
20160621	0.8494901920	0.435	3.6	15.9	2.73	4.97	0.0	0.00	36.8	0.5	0.0	7.4	0.000	0.000	0.849490192	0.774	0.076
20160622	0.9401008973	0.963	10.2	12.2	2.11	3.56	0.0	0.00	43.2	1.7	0.0	8.2	0.000	0.000	0.9401008973	0.865	0.075
20160623	0.8526513912	0.691	0.5	14.6	2.65	4.22	0.0	0.00	40.9	0.1	0.0	7.4	0.000	0.000	0.8526513912	0.785	0.067
20160624	0.7698736819	0.455	0.3	15.6	2.93	4.93	0.0	0.00	38.3	0.1	0.0	6.7	0.000	0.000	0.7698736819	0.709	0.061
20160625	0.6903582187	0.358	0.0	17.6	3.11	5.62	0.0	0.00	35.1	0.0	0.0	6.0	0.000	0.000	0.6903582187	0.636	0.054
20160626	0.6190554130	0.298	0.0	20.3	2.77	5.45	0.0	0.00	32.4	0.0	0.0	5.4	0.000	0.000	0.619055413	0.570	0.049
20160627	0.5551170305	0.269	0.0	19.1	1.66	3.55	0.0	0.00	30.7	0.0	0.0	4.8	0.000	0.000	0.5551170305	0.511	0.044
20160628	2.3689901386	3.820	54.6	20.2	2.71	3.68	0.0	0.00	68.2	14.4	9.2	7.6	0.000	1.4915259628	0.8774641757	2.304	0.065
20160629	2.3280057239	2.979	6.6	17.6	2.80	2.80	0.0	0.00	69.2	2.8	7.2	10.1	0.000	1.1614876343	1.1665180896	2.268	0.060
20160630	1.9319231111	1.099	0.3	17.5	4.28	4.28	0.0	0.00	65.1	0.1	3.1	12.4	0.000	0.5062056882	1.4257174229	1.880	0.052
20160701	2.3904426145	1.314	14.0	17.4	3.87	3.87	0.0	0.00	69.4	5.8	4.5	14.4	0.000	0.7322969449	1.6581456696	2.337	0.053
20160702	2.0618426273	1.384	1.3	12.2	5.70	5.70	0.0	0.00	64.5	0.5	1.2	16.2	0.000	0.1952747786	1.8665678486	2.015	0.047
20160703	1.7986603054	0.835	0.0	14.7	7.06	7.57	0.0	0.00	57.4	0.0	0.0	15.6	0.000	0.000	1.7986603054	1.757	0.041
20160704	1.6128878719	0.568	0.0	18.0	6.06	7.29	0.0	0.00	51.3	0.0	0.0	14.0	0.000	0.000	1.6128878719	1.576	0.037
20160705	1.4463027174	0.459	0.0	19.2	5.57	7.50	0.0	0.00	45.8	0.0	0.0	12.6	0.000	0.000	1.4463027174	1.413	0.033
20160706	1.2969231072	0.367	0.0	20.8	4.49	6.78	0.0	0.00	41.3	0.0	0.0	11.3	0.000	0.000	1.2969231072	1.267	0.030
20160707	1.2648866783	0.558	5.3	21.9	2.89	4.60	0.0	0.00	42.7	1.0	0.0	11.0	0.000	0.000	1.2648866783	1.237	0.028
20160708	1.1342444021	0.531	0.0	18.5	2.37	3.83	0.0	0.00	40.3	0.0	0.0	9.8	0.000	0.000	1.1342444021	1.110	0.025
20160709	1.5013265662	1.310	19.8	14.5	2.76	3.97	0.0	0.00	53.0	4.4	0.6	12.1	0.000	0.1045494824	1.3967770839	1.476	0.025
20160710	1.4807348887	1.557	5.6	13.9	3.10	3.90	0.0	0.00	53.9	1.6	0.0	12.9	0.000	0.000	1.4807348887	1.458	0.023
20160711	1.3703243624	0.989	1.5	16.3	4.27	5.42	0.0	0.00	50.7	0.4	0.0	11.9	0.000	0.000	1.3703243624	1.349	0.021
20160712	1.2287920838	0.587	0.0	18.2	4.84	6.59	0.0	0.00	45.9	0.0	0.0	10.7	0.000	0.000	1.2287920838	1.210	0.019
20160713	1.1018777938	0.423	0.0	20.7	2.72	4.10	0.0	0.00	43.2	0.0	0.0	9.6	0.000	0.000	1.1018777938	1.085	0.017
20160714	1.3074095304	1.181	13.7	21.2	1.19	1.69	0.0	0.00	52.6	3.1	0.0	11.4	0.000	0.000	1.3074095304	1.291	0.016
20160715	1.2214556461	0.906	1.8	20.1	3.82	4.96	0.0	0.00	50.1	0.5	0.0	10.6	0.000	0.000	1.2214556461	1.207	0.015
20160716	1.1027501860	0.570	0.3	18.0	4.44	6.11	0.0	0.00	45.9	0.1	0.0	9.6	0.000	0.000	1.102750186	1.089	0.013
20160717	0.9888539795	0.428	0.0	19.4	3.10	4.68	0.0	0.00	42.8	0.0	0.0	8.6	0.000	0.000	0.9888539795	0.977	0.012
20160718	1.0538544507	0.633	7.9	19.4	3.49	5.25	0.0	0.00	45.6	1.6	0.0	9.1	0.000	0.000	1.0538544507	1.043	0.011
20160719	0.9513532999	0.613	0.3	13.6	4.12	6.23	0.0	0.00	41.7	0.1	0.0	8.3	0.000	0.000	0.9513532999	0.941	0.010
20160720	0.8585476754	0.380	0.3	14.8	3.66	6.04	0.0	0.00	38.3	0.1	0.0	7.5	0.000	0.000	0.8585476754	0.849	0.009
20160721	0.7698736271	0.275	0.0	17.9	3.94	7.11	0.0	0.00	34.3	0.0	0.0	6.7	0.000	0.000	0.7698736271	0.762	0.008
20160722	1.1916533292	0.601	23.6	21.6	3.62	5.71	0.0	0.00	49.8	4.6	0.8	9.3	0.000	0.1216134298	1.0700398994	1.183	0.008
20160723	2.1254834352	4.040	26.9	18.9	4.65	5.45	0.0	0.00	63.4	8.6	4.9	11.6	0.000	0.7862795704	1.3392038648	2.117	0.009
20160724	1.7613478301	1.577	0.3	17.2	4.05	4.41	0.0	0.00	59.6	0.1	1.1	13.7	0.000	0.1807802715	1.5805675587	1.754	0.008
20160725	1.5329299379	0.897	0.0	18.4	3.79	4.39	0.0	0.00	55.8	0.0	0.0	13.3	0.000	0.000	1.5329299379	1.526	0.007
20160726	1.3835543103	0.690	0.3	19.1	4.65	5.75	0.0	0.00	51.4	0.1	0.0	12.0	0.000	0.000	1.3835543103	1.377	0.006
20160727	1.2484309520	0.491	0.3	20.4	3.62	4.87	0.0	0.00	48.0	0.1	0.0	10.8	0.000	0.000	1.248430952	1.243	0.005
20160728	1.1194882855	0.399	0.0	20.5	4.52	6.51	0.0	0.00	43.4	0.0	0.0	9.7	0.000	0.000	1.1194882855	1.115	0.005
20160729	1.0038633048	0.343	0.0	18.9	3.17	5.05	0.0	0.00	40.3	0.0	0.0	8.7	0.000	0.000	1.0038633048	0.999	0.004
20160730	0.9001805091	0.270	0.0	16.7	4.24	7.27	0.0	0.00	36.0	0.0	0.0	7.8	0.000	0.000	0.9001805091	0.896	0.004
20160731	0.8072064643	0.238	0.0	16.6	1.63	3.12	0.0	0.00	34.4	0.0	0.0	7.0	0.000	0.000	0.8072064643	0.804	0.004
20160801	1.5021012220	2.084	30.5	14.8	2.69	4.00	0.0	0.00	55.7	6.5	2.5	9.6	0.000	0.3985843619	1.1035168601	1.498	0.004
20160802	1.2444370192	0.970	0.0	17.0	3.57	4.43	0.0	0.00	52.1	0.0	0.0	10.8	0.000	0.000	1.2444370192	1.241	0.003
20160803	1.1159068611	0.535	0.0	18.0	4.82	6.39	0.0	0.00	47.3	0.0	0.0	9.7	0.000	0.000	1.1159068611	1.113	0.003
20160804	1.0006517835	0.368	0.0	18.8	3.98	5.81	0.0	0.00	43.3	0.0	0.0	8.7	0.000	0.000	1.0006517835	0.998	0.003
20160805	0.8973006858	0.267	0.0	20.7	2.65	4.22	0.0	0.00	40.7	0.0	0.0	7.8	0.000	0.000	0.8973006858	0.895	0.002
20160806	0.8098541687	0.226	0.3	19.6	3.67	6.21	0.0	0.00	37.3	0.1	0.0	7.0	0.000	0.000	0.8098541687	0.808	0.002
20160807	0.7649370392	0.195	2.5	16.7	2.99	5.39	0.0	0.00	36.4	0.4	0.0	6.6	0.000	0.000	0.7649370392	0.763	0.002
20160808	0.6859314511	0.163	0.0	16.7	3.43	6.51	0.0	0.00	33.0	0.0	0.0	6.0	0.000	0.000	0.6859314511	0.684	0.002
20160809	0.6150858587	0.125	0.0	16.7	3.07	6.43	0.0	0.00	29.9	0.0	0.0	5.3	0.000	0.000	0.6150858587	0.614	0.002
20160810	0.5515574668	0.139	0.0	18.5	1.77	4.09	0.0	0.00	28.1	0.0	0.0	4.8	0.000	0.000	0.5515574668	0.550	0.001
20160811	0.4945905273	0.121	0.0	22.1	2.15	5.28	0.0	0.00	26.0	0.0	0.0	4.3	0.000	0.000	0.4945905273	0.493	0.001
20160812	0.5067074275	0.190	6.6	23.1	1.38	3.28	0.0	0.00	30.6	0.6	0.0	4.4	0.000	0.000	0.5067074275	0.506	0.001
20160813	0.6187565911	0.456	11.9	19.7	1.73	3.34	0.0	0.00	39.2	1.6	0.0	5.4	0.000	0.000	0.6187565911	0.618	0.001
20160814	0.5796840419	0.533	1.5	21.1	2.52	4.38	0.0	0.00	37.9	0.2	0.0	5.0	0.000	0.000	0.5796840419	0.579	0.001
20160815	0.5198120834	0.246	0.0	18.6	2.45	4.47	0.0	0.00	35.5	0.0	0.0	4.5	0.000	0.000	0.5198120834	0.519	0.001
20160816	1.9149987152	1.591	43.4	16.9	3.03	4.06	0.0	0.00	64.5	11.4	6.6	7.3	0.000	1.0691930582	0.845805657	1.914	0.001
20160817	2.5220707816	6.765	16.8	17.6	3.74	3.74	0.0	0.00	70.5	7.0	8.6	9.9	0.000	1.3839413993	1.1381293823	2.521	0.001
20160818	2.1404338418	1.217	1.0	18.6	2.46	2.46	0.0	0.00	68.6	0.4	4.6	12.2	0.000	0.7401730331	1.4002608086	2.140	0.001
20160819	1.7614118506	0.748	0.0	18.0	5.37	5.41	0.0	0.00	63.3	0.0	0.8	14.2	0.000	0.12609354	1.6353183106	1.761	0.001
20160820	1.5470535437	0.514	0.0	18.1	5.19	5.67	0.0	0.00	58.1	0.0	0.0	13.4	0.000	0.000	1.5470535437	1.546	0.001
20160821	2.1795479265	0.680	18.3	19.1	4.59	4.97	0.0	0.00	65.1	6.6	2.6	15.3	0.000	0.4125981892	1.7669497373	2.179	0.001
20160822	2.4234871585	3.195	10.9	12.9	4.70	4.75	0.0	0.00	66.9	4.4	2.8	17.1	0.000	0.4593529375	1.964134221	2.423	0.001
20160823	2.0550282006	0.995	0.0	14.5	5.40	5.58	0.0	0.00	61.5	0.0	0.0	17.8	0.000	0.000	2.0550282006	2.054	0.001
20160824	1.8427771221	0.659	0.0	18.3	4.40	4.95	0.0	0.00	57.1	0.0	0.0	16.0	0.000	0.000	1.8427771221	1.842	0.001
20160825	1.6524481371	0.537	0.0	19.2	3.26	3.94	0.0	0.00	53.8	0.0	0.0	14.3	0.000	0.000	1.6524481371	1.652	0.000
20160826	1.4817770489	0.459	0.0	19.9	3.30	4.24	0.0	0.00	50.5	0.0	0.0	12.9	0.000	0.000	1.4817770489	1.481	0.000
20160827	1.3287335156	0.361	0.0	18.8	3.73	5.09	0.0	0.00	46.8	0.0	0.0	11.5	0.000	0.000	1.3287335156	1.328	0.000
20160828	1.2863814258	0.363	4.1	19.6	3.79	5.42	0.0	0.00	46.2	0.9	0.0	11.2	0.000	0.000	1.2863814258	1.286	0.000
20160829	1.1600163205	0.363	0.3	16.5	2.72	4.06	0.0	0.00	43.7	0.1	0.0	10.1	0.000	0.000	1.1600163205	1.160	0.000
20160830	1.0402054512	0.285	0.0	16.4	3.04	4.80	0.0	0.00	40.7	0.0	0.0	9.0	0.000	0.000	1.0402054512	1.040	0.000
20160831	1.4358575845	1.028	20.1	17.6	2.30	3.27	0.0	0.00	53.9	4.6	0.8	11.4	0.000	0.1234067533	1.3124508312	1.436	0.000
20160901	1.2839745935	0.813	1.0	15.9	4.61	5.87	0.0	0.00	50.0	0.3	0.0	11.1	0.000	0.000	1.2839745935	1.284	0.000
20160902	1.1513608454	0.455	0.0	14.6	4.06	5.60	0.0	0.00	46.0	0.0	0.0	10.0	0.000	0.000	1.1513608454	1.151	0.000
20160903	1.0324439463	0.329	0.0	14.1	1.94	2.92	0.0	0.00	44.0	0.0	0.0	9.0	0.000	0.000	1.0324439463	1.032	0.000
20160904	0.9258092339	0.261	0.0	15.6	3.11	4.88	0.0	0.00	40.9	0.0	0.0	8.0	0.000	0.000	0.9258092339	0.926	0.000
20160905	0.8301881576	0.213	0.0	17.1	1.84	3.10	0.0	0.00	39.1	0.0	0.0	7.2	0.000	0.000	0.8301881576	0.830	0.000
20160906	0.7444431874	0.176	0.0	18.3	1.28	2.26	0.0	0.00	37.8	0.0	0.0	6.5	0.000	0.000	0.7444431874	0.744	0.000
20160907	0.6675542817	0.147	0.0	19.8	1.90	3.47	0.0	0.00	35.9	0.0	0.0	5.8	0.000	0.000	0.6675542817	0.667	0.000
20160908	0.6200682887	0.172	1.5	19.9	1.60	3.03	0.0	0.00	35.6	0.2	0.0	5.4	0.000	0.000	0.6200682887	0.620	0.000
20160909	0.5671511151	0.166	0.8	19.6	2.38	4.57	0.0	0.00	33.9	0.1	0.0	4.9	0.000	0.000	0.5671511151	0.567	0.000
20160910	0.5085736047	0.120	0.0	18.6	1.75	3.57	0.0	0.00	32.2	0.0	0.0	4.4	0.000	0.000	0.5085736047	0.508	0.000
20160911	0.7810640189	0.820	19.1	13.5	2.43	4.19	0.0	0.00	45.7	3.1	0.0	6.8	0.000	0.000	0.7810640189	0.781	0.000
20160912	0.7067668795	0.290	0.3	12.3	3.14	4.74	0.0	0.00	42.8	0.1	0.0	6.1	0.000	0.000	0.7067668795	0.707	0.000
20160913	0.6337693253	0.169	0.0	15.3	2.86	4.62	0.0	0.00	39.9	0.0	0.0	5.5	0.000	0.000	0.6337693253	0.634	0.000
20160914	0.6748704904	0.306	5.8	13.1	1.74	2.84	0.0	0.00	43.0	1.0	0.0	5.9	0.000	0.000	0.6748704904	0.675	0.000
20160915	0.6109068415	0.224	0.3	9.8	2.43	3.90	0.0	0.00	40.8	0.1	0.0	5.3	0.000	0.000	0.6109068415	0.611	0.000
20160916	0.5478100743	0.149	0.0	11.7	2.46	4.17	0.0	0.00	38.3	0.0	0.0	4.8	0.000	0.000	0.5478100743	0.548	0.000
20160917	0.5317964436	0.116	2.5	14.0	2.30	4.05	0.0	0.00	38.1	0.4	0.0	4.6	0.000	0.000	0.5317964436	0.532	0.000
20160918	0.5872683110	0.306	6.4	18.0	1.47	2.50	0.0	0.00	42.0	1.1	0.0	5.1	0.000	0.000	0.587268311	0.587	0.000
20160919	0.5413253325	0.234	0.8	17.3	1.01	1.65	0.0	0.00	41.6	0.1	0.0	4.7	0.000	0.000	0.5413253325	0.541	0.000
20160920	0.4854152065	0.183	0.0	18.6	2.45	4.07	0.0	0.00	39.2	0.0	0.0	4.2	0.000	0.000	0.4854152065	0.485	0.000
20160921	0.4352796896	0.113	0.0	15.9	2.82	4.97	0.0	0.00	36.3	0.0	0.0	3.8	0.000	0.000	0.4352796896	0.435	0.000
20160922	0.3903223583	0.089	0.0	17.0	2.17	4.13	0.0	0.00	34.2	0.0	0.0	3.4	0.000	0.000	0.3903223583	0.390	0.000
20160923	0.6701861579	0.736	17.8	11.7	2.17	3.62	0.0	0.00	46.7	3.1	0.0	5.8	0.000	0.000	0.6701861579	0.670	0.000
20160924	0.6343659705	0.335	1.5	8.1	2.82	4.12	0.0	0.00	45.1	0.3	0.0	5.5	0.000	0.000	0.6343659705	0.634	0.000
20160925	0.5688462558	0.225	0.0	6.2	2.98	4.57	0.0	0.00	42.1	0.0	0.0	4.9	0.000	0.000	0.5688462558	0.569	0.000
20160926	0.5100936648	0.197	0.0	8.1	2.39	3.92	0.0	0.00	39.7	0.0	0.0	4.4	0.000	0.000	0.5100936648	0.510	0.000
20160927	0.5298829383	0.240	4.1	12.3	2.27	3.79	0.0	0.00	40.8	0.7	0.0	4.6	0.000	0.000	0.5298829383	0.530	0.000
20160928	0.4839264699	0.176	0.5	12.6	2.64	4.44	0.0	0.00	38.6	0.1	0.0	4.2	0.000	0.000	0.4839264699	0.484	0.000
20160929	0.4339447153	0.149	0.0	10.7	2.36	4.22	0.0	0.00	36.2	0.0	0.0	3.8	0.000	0.000	0.4339447153	0.434	0.000
20160930	0.3891252652	0.122	0.0	8.7	0.96	1.84	0.0	0.00	35.3	0.0	0.0	3.4	0.000	0.000	0.3891252652	0.389	0.000
20161001	0.3489349373	0.138	0.0	8.7	1.16	2.27	0.0	0.00	34.1	0.0	0.0	3.0	0.000	0.000	0.3489349373	0.349	0.000
20161002	0.3128956184	0.170	0.0	9.8	0.83	1.68	0.0	0.00	33.3	0.0	0.0	2.7	0.000	0.000	0.3128956184	0.313	0.000
20161003	0.3380005302	0.207	4.3	11.7	0.97	1.91	0.0	0.00	36.1	0.6	0.0	2.9	0.000	0.000	0.3380005302	0.338	0.000
20161004	0.3030905582	0.195	0.0	11.6	0.99	1.90	0.0	0.00	35.1	0.0	0.0	2.6	0.000	0.000	0.3030905582	0.303	0.000
20161005	0.2717862199	0.163	0.0	12.1	1.16	2.30	0.0	0.00	33.9	0.0	0.0	2.4	0.000	0.000	0.2717862199	0.272	0.000
20161006	0.2475544387	0.156	0.3	12.7	1.37	2.77	0.0	0.00	32.8	0.0	0.0	2.1	0.000	0.000	0.2475544387	0.248	0.000
20161007	0.2256156076	0.139	0.3	15.1	0.97	2.04	0.0	0.00	32.1	0.0	0.0	2.0	0.000	0.000	0.2256156076	0.226	0.000
20161008	0.2023131750	0.135	0.0	13.7	0.83	1.80	0.0	0.00	31.3	0.0	0.0	1.8	0.000	0.000	0.202313175	0.202	0.000
20161009	0.1814175057	0.140	0.0	8.0	0.54	1.19	0.0	0.00	30.7	0.0	0.0	1.6	0.000	0.000	0.1814175057	0.181	0.000
20161010	0.1626800202	0.140	0.0	4.4	0.92	2.07	0.0	0.00	29.8	0.0	0.0	1.4	0.000	0.000	0.1626800202	0.163	0.000
20161011	0.1458778129	0.142	0.0	8.4	0.93	2.16	0.0	0.00	28.9	0.0	0.0	1.3	0.000	0.000	0.1458778129	0.146	0.000
20161012	0.1308110011	0.129	0.0	12.7	0.98	2.34	0.0	0.00	27.9	0.0	0.0	1.1	0.000	0.000	0.1308110011	0.131	0.000
20161013	0.1313318064	0.125	1.5	9.8	0.65	1.58	0.0	0.00	28.6	0.1	0.0	1.1	0.000	0.000	0.1313318064	0.131	0.000
20161014	0.1177673611	0.136	0.0	4.7	0.72	1.74	0.0	0.00	27.9	0.0	0.0	1.0	0.000	0.000	0.1177673611	0.118	0.000
20161015	0.1056039030	0.132	0.0	5.8	0.87	2.16	0.0	0.00	27.0	0.0	0.0	0.9	0.000	0.000	0.105603903	0.106	0.000
20161016	0.1411703511	0.158	4.8	10.2	0.89	2.11	0.0	0.00	30.5	0.4	0.0	1.2	0.000	0.000	0.1411703511	0.141	0.000
20161017	0.1297912638	0.221	0.3	14.3	1.02	2.30	0.0	0.00	29.7	0.0	0.0	1.1	0.000	0.000	0.1297912638	0.130	0.000
20161018	0.1163859316	0.168	0.0	13.1	0.47	1.09	0.0	0.00	29.3	0.0	0.0	1.0	0.000	0.000	0.1163859316	0.116	0.000
20161019	0.1093444340	0.186	0.5	11.6	0.86	2.01	0.0	0.00	28.8	0.0	0.0	0.9	0.000	0.000	0.109344434	0.109	0.000
20161020	0.1288068203	0.223	3.0	8.6	0.58	1.33	0.0	0.00	31.0	0.3	0.0	1.1	0.000	0.000	0.1288068203	0.129	0.000
20161021	1.5394356381	2.887	46.5	12.0	0.94	1.34	0.0	0.00	65.3	11.2	6.5	4.3	0.000	1.044250743	0.495184895	1.539	0.000
20161022	2.9340199138	4.492	27.2	5.7	1.12	1.12	0.0	0.00	79.0	12.4	13.1	7.2	0.000	2.1102978561	0.8237220577	2.934	0.000
20161023	2.5699809917	1.951	2.0	1.4	0.92	0.92	0.0	0.00	79.1	1.0	9.0	9.7	0.000	1.4516543311	1.1183266606	2.570	0.000
20161024	2.6530241655	1.316	7.1	1.0	1.97	1.97	0.0	0.00	80.4	3.8	7.9	12.0	0.000	1.2705207787	1.3825033868	2.653	0.000
20161025	2.2020918040	1.072	0.3	-0.1	1.54	1.54	0.2	1.00	78.8	0.0	3.6	14.1	0.000	0.5826968616	1.6193949424	2.202	0.000
20161026	1.8247736004	0.907	0.0	-0.9	0.00	1.44	0.2	1.00	78.8	0.0	0.0	15.8	0.000	0.000	1.8247736004	1.825	0.000
20161027	1.6363040871	0.804	11.2	-0.9	0.00	1.05	7.6	1.00	78.8	0.0	0.0	14.2	0.000	0.000	1.6363040871	1.636	0.000
20161028	2.4864839490	1.843	11.9	1.6	0.00	0.97	4.6	1.00	85.4	8.3	4.0	16.0	0.000	0.6395018017	1.8469821473	2.451	0.036
20161029	3.6914274294	3.742	13.7	3.1	0.00	1.72	0.0	0.00	92.1	11.6	10.3	17.7	0.000	1.6555268481	2.0359005813	3.555	0.137
20161030	3.2136483879	3.149	1.0	3.4	1.04	1.04	0.0	0.00	91.4	0.7	6.2	19.1	0.000	1.0083415825	2.2053068055	3.096	0.117
20161031	2.7141895846	1.921	1.5	-0.5	1.32	1.32	1.0	1.00	90.1	0.0	2.2	20.5	0.000	0.35697347	2.3572161146	2.619	0.095
20161101	2.4084585008	1.482	0.0	1.0	0.00	0.84	0.0	0.00	90.4	0.6	0.0	20.9	0.000	0.000	2.4084585008	2.324	0.085
20161102	2.2274780592	1.382	1.0	8.7	1.50	1.50	0.0	0.00	89.2	0.7	0.0	19.3	0.000	0.000	2.2274780592	2.146	0.081
20161103	3.5118486128	3.653	17.5	6.8	1.05	1.05	0.0	0.00	93.9	11.8	7.0	20.6	0.000	1.1347511753	2.3770974375	3.340	0.172
20161104	2.9770694725	2.362	2.5	0.2	1.26	1.26	1.6	1.00	92.6	0.0	2.9	21.8	0.000	0.4658059114	2.511263561	2.834	0.143
20161105	2.5497746454	1.837	0.5	-0.9	0.00	1.51	2.0	1.00	92.6	0.0	0.0	22.1	0.000	0.000	2.5497746454	2.429	0.121
20161106	2.5909835225	1.745	2.3	1.1	0.00	1.60	0.0	0.00	93.9	2.9	0.0	22.5	0.000	0.000	2.5909835225	2.458	0.133
20161107	2.3233769530	1.577	0.0	2.0	1.53	1.53	0.0	0.00	92.4	0.0	0.0	20.2	0.000	0.000	2.323376953	2.204	0.120
20161108	2.0834098012	1.460	0.0	5.9	1.66	1.66	0.0	0.00	90.7	0.0	0.0	18.1	0.000	0.000	2.0834098012	1.976	0.107
20161109	1.8886875712	1.394	0.3	4.0	0.95	0.95	0.0	0.00	89.9	0.2	0.0	16.4	0.000	0.000	1.8886875712	1.791	0.098
20161110	1.6936167815	1.322	0.0	1.9	1.35	1.35	0.0	0.00	88.5	0.0	0.0	14.7	0.000	0.000	1.6936167815	1.606	0.088
20161111	2.0072908136	1.636	6.9	1.3	0.94	0.94	0.0	0.00	90.0	4.5	0.7	16.5	0.000	0.1089154436	1.89837537	1.891	0.116
20161112	1.7719556466	1.396	0.0	-1.5	1.30	1.30	0.0	0.00	88.7	0.0	0.0	15.4	0.000	0.000	1.7719556466	1.670	0.102
20161113	1.5889413712	1.276	0.0	3.8	1.49	1.49	0.0	0.00	87.2	0.0	0.0	13.8	0.000	0.000	1.5889413712	1.497	0.092
20161114	1.4248295018	1.194	0.0	5.9	1.56	1.56	0.0	0.00	85.7	0.0	0.0	12.4	0.000	0.000	1.4248295018	1.343	0.082
20161115	1.6111534510	1.280	5.3	6.7	1.24	1.24	0.0	0.00	86.5	3.2	0.0	14.0	0.000	0.000	1.611153451	1.513	0.098
20161116	1.9283146304	2.137	7.1	7.0	0.98	0.98	0.0	0.00	88.2	4.4	0.6	15.8	0.000	0.1038854665	1.8244291639	1.808	0.120
20161117	1.7219286931	1.639	0.3	4.5	0.81	0.81	0.0	0.00	87.5	0.2	0.0	14.9	0.000	0.000	1.7219286931	1.615	0.107
20161118	1.5440813905	1.379	0.0	5.8	1.22	1.22	0.0	0.00	86.3	0.0	0.0	13.4	0.000	0.000	1.5440813905	1.448	0.096
20161119	1.3846028294	1.267	0.0	7.1	1.07	1.07	0.0	0.00	85.2	0.0	0.0	12.0	0.000	0.000	1.3846028294	1.298	0.086
20161120	2.2335195365	1.552	13.0	0.6	0.69	0.69	0.0	0.00	89.4	8.1	3.8	14.1	0.000	0.6122419898	1.6212775467	2.099	0.135
20161121	1.8494588092	1.462	4.8	-4.3	1.25	1.25	3.2	1.00	88.2	0.0	0.1	15.9	0.000	0.0159512044	1.8335076048	1.738	0.112
20161122	1.6543368398	1.288	1.0	-4.6	0.00	1.08	3.8	1.00	88.2	0.0	0.0	14.4	0.000	0.000	1.6543368398	1.554	0.100
20161123	1.4834706793	1.220	0.0	-4.0	0.00	0.94	3.8	1.00	88.2	0.0	0.0	12.9	0.000	0.000	1.4834706793	1.394	0.090
20161124	1.3302522215	1.206	4.3	-3.0	0.00	0.38	6.6	1.00	88.2	0.0	0.0	11.5	0.000	0.000	1.3302522215	1.250	0.080
20161125	1.1928587450	1.205	2.5	-0.8	0.00	0.52	8.3	1.00	88.2	0.0	0.0	10.4	0.000	0.000	1.192858745	1.121	0.072
20161126	1.1828189157	1.284	0.8	0.9	0.00	0.48	7.3	1.00	88.8	1.1	0.0	10.3	0.000	0.000	1.1828189157	1.110	0.073
20161127	1.0606529082	1.335	0.3	-2.1	0.00	1.19	7.5	1.00	88.8	0.0	0.0	9.2	0.000	0.000	1.0606529082	0.996	0.065
20161128	0.9511046677	1.177	0.3	-4.0	0.00	1.05	7.7	1.00	88.8	0.0	0.0	8.3	0.000	0.000	0.9511046677	0.893	0.058
20161129	0.8528709834	3.182	19.3	-3.0	0.00	0.29	20.4	1.00	88.8	0.0	0.0	7.4	0.000	0.000	0.8528709834	0.801	0.052
20161130	1.1934813980	4.084	4.1	1.8	0.00	0.22	18.3	1.00	91.0	4.0	0.3	9.9	0.000	0.0490164229	1.1444649751	1.105	0.088
20161201	3.2882864927	7.248	15.5	3.3	0.00	0.65	9.9	1.00	98.0	16.9	11.7	12.2	0.000	1.8823444553	1.4059420374	2.883	0.405
20161202	3.5241085450	4.211	6.1	0.7	0.00	0.72	8.7	1.00	99.7	5.6	11.7	14.2	0.000	1.8836957844	1.6404127606	3.075	0.449
20161203	2.9612768415	3.390	7.1	-2.2	0.00	1.31	13.4	1.00	99.7	0.0	6.9	16.1	0.000	1.11061038	1.8506664615	2.587	0.374
20161204	2.4842262397	2.945	0.0	-5.7	0.00	1.15	13.4	1.00	99.7	0.0	2.8	17.7	0.000	0.4450218742	2.0392043656	2.174	0.310
20161205	2.1131800714	2.708	7.1	-6.1	0.00	0.85	18.1	1.00	99.7	0.0	0.0	18.3	0.000	0.000	2.1131800714	1.852	0.261
20161206	1.8949228479	2.507	1.8	-3.1	0.00	0.95	19.3	1.00	99.7	0.0	0.0	16.5	0.000	0.000	1.8949228479	1.661	0.234
20161207	1.6992080553	2.439	2.8	-2.8	0.00	1.20	21.1	1.00	99.7	0.0	0.0	14.8	0.000	0.000	1.6992080553	1.489	0.210
20161208	1.5237074260	2.369	0.8	-2.1	0.00	0.41	21.6	1.00	99.7	0.0	0.0	13.2	0.000	0.000	1.523707426	1.335	0.188
20161209	1.3663331650	2.236	5.3	-8.1	0.00	0.68	25.1	1.00	99.7	0.0	0.0	11.9	0.000	0.000	1.366333165	1.197	0.169
20161210	1.2252131123	2.098	0.3	-12.6	0.00	0.74	25.3	1.00	99.7	0.0	0.0	10.6	0.000	0.000	1.2252131123	1.074	0.151
20161211	1.0986684720	2.008	0.5	-11.5	0.00	0.65	25.6	1.00	99.7	0.0	0.0	9.5	0.000	0.000	1.098668472	0.963	0.136
20161212	0.9851938403	1.916	16.3	-5.5	0.00	0.33	36.4	1.00	99.7	0.0	0.0	8.6	0.000	0.000	0.9851938403	0.863	0.122
20161213	0.8834392975	1.814	0.8	-3.4	0.00	0.88	36.9	1.00	99.7	0.0	0.0	7.7	0.000	0.000	0.8834392975	0.774	0.109
20161214	0.7921943483	1.784	1.8	-8.4	0.00	0.64	38.1	1.00	99.7	0.0	0.0	6.9	0.000	0.000	0.7921943483	0.694	0.098
20161215	0.7103735223	1.704	2.3	-16.3	0.00	0.54	39.6	1.00	99.7	0.0	0.0	6.2	0.000	0.000	0.7103735223	0.623	0.088
20161216	0.6370034604	1.639	0.0	-22.0	0.00	0.95	39.6	1.00	99.7	0.0	0.0	5.5	0.000	0.000	0.6370034604	0.558	0.079
20161217	0.5712113358	1.588	8.1	-11.0	0.00	0.60	44.9	1.00	99.7	0.0	0.0	5.0	0.000	0.000	0.5712113358	0.501	0.071
20161218	0.5122144704	5.114	19.8	-6.9	0.00	1.02	57.9	1.00	99.7	0.0	0.0	4.4	0.000	0.000	0.5122144704	0.449	0.063
20161219	0.4593110243	2.712	0.0	-16.7	0.00	0.82	57.9	1.00	99.7	0.0	0.0	4.0	0.000	0.000	0.4593110243	0.403	0.057
20161220	0.4118716459	2.109	0.0	-14.1	0.00	0.36	57.9	1.00	99.7	0.0	0.0	3.6	0.000	0.000	0.4118716459	0.361	0.051
20161221	0.3693319859	1.829	0.0	-5.1	0.00	0.58	57.9	1.00	99.7	0.0	0.0	3.2	0.000	0.000	0.3693319859	0.324	0.046
20161222	0.3311859827	1.712	3.0	-2.8	0.00	0.24	59.9	1.00	99.7	0.0	0.0	2.9	0.000	0.000	0.3311859827	0.290	0.041
20161223	0.2969798428	1.629	0.3	-2.2	0.00	1.01	60.1	1.00	99.7	0.0	0.0	2.6	0.000	0.000	0.2969798428	0.260	0.037
20161224	0.2663066424	1.599	3.3	-2.6	0.00	1.04	62.3	1.00	99.7	0.0	0.0	2.3	0.000	0.000	0.2663066424	0.233	0.033
20161225	0.2388014860	1.515	1.0	-8.0	0.00	1.27	62.9	1.00	99.7	0.0	0.0	2.1	0.000	0.000	0.238801486	0.209	0.030
20161226	0.2141371661	1.499	2.3	-8.4	0.00	1.48	64.4	1.00	99.7	0.0	0.0	1.9	0.000	0.000	0.2141371661	0.188	0.026
20161227	0.3297286268	2.544	7.1	0.7	0.00	0.74	69.8	1.00	100.1	1.3	0.0	2.9	0.000	0.000	0.3297286268	0.286	0.044
20161228	0.2956730082	1.938	0.5	-6.9	0.00	0.69	70.2	1.00	100.1	0.0	0.0	2.6	0.000	0.000	0.2956730082	0.256	0.040
20161229	0.2651347826	1.669	10.2	-5.6	0.00	0.26	76.9	1.00	100.1	0.0	0.0	2.3	0.000	0.000	0.2651347826	0.230	0.035
20161230	0.2377506603	1.556	11.7	-7.6	0.00	1.10	84.6	1.00	100.1	0.0	0.0	2.1	0.000	0.000	0.2377506603	0.206	0.032
20161231	0.2131948736	1.470	3.8	-11.1	0.00	0.60	87.1	1.00	100.1	0.0	0.0	1.9	0.000	0.000	0.2131948736	0.185	0.029
20170101	0.1911753014	1.400	4.8	-5.6	0.00	0.77	90.2	1.00	100.1	0.0	0.0	1.7	0.000	0.000	0.1911753014	0.166	0.026
20170102	0.1714299938	1.375	0.0	-5.1	0.00	0.84	90.2	1.00	100.1	0.0	0.0	1.5	0.000	0.000	0.1714299938	0.148	0.023
20170103	0.1537240562	1.380	3.6	-3.8	0.00	0.53	92.6	1.00	100.1	0.0	0.0	1.3	0.000	0.000	0.1537240562	0.133	0.021
20170104	0.1378468548	1.661	8.1	-2.4	0.00	0.76	97.9	1.00	100.1	0.0	0.0	1.2	0.000	0.000	0.1378468548	0.119	0.018
20170105	0.1236095107	1.519	1.5	-7.9	0.00	1.25	98.9	1.00	100.1	0.0	0.0	1.1	0.000	0.000	0.1236095107	0.107	0.017
20170106	0.1108426533	1.404	0.5	-11.2	0.00	0.64	99.2	1.00	100.1	0.0	0.0	1.0	0.000	0.000	0.1108426533	0.096	0.015
20170107	0.0993944052	1.323	0.0	-13.2	0.00	0.70	99.2	1.00	100.1	0.0	0.0	0.9	0.000	0.000	0.0993944052	0.086	0.013
20170108	0.0891285754	1.271	0.5	-16.6	0.00	0.85	99.5	1.00	100.1	0.0	0.0	0.8	0.000	0.000	0.0891285754	0.077	0.012
20170109	0.0799230393	1.208	0.0	-18.9	0.00	0.59	99.5	1.00	100.1	0.0	0.0	0.7	0.000	0.000	0.0799230393	0.069	0.011
20170110	0.0716682858	1.118	1.5	-9.8	0.00	0.37	100.5	1.00	100.1	0.0	0.0	0.6	0.000	0.000	0.0716682858	0.062	0.010
20170111	0.1372779661	1.084	6.1	2.0	0.00	1.44	105.7	1.00	100.3	0.7	0.0	1.2	0.000	0.000	0.1372779661	0.118	0.020
20170112	1.7196334218	2.256	6.4	3.5	0.00	0.35	96.6	1.00	103.4	12.4	7.5	4.4	0.000	1.216852313	0.5027811088	1.386	0.334
20170113	1.3670246583	3.207	1.8	-5.7	0.00	1.53	97.8	1.00	103.4	0.0	3.3	7.2	0.000	0.5364909526	0.8305337058	1.102	0.265
20170114	1.0878401559	1.876	0.3	-15.0	0.00	0.87	98.0	1.00	103.4	0.0	0.0	9.4	0.000	0.000	1.0878401559	0.878	0.210
20170115	0.9754839136	1.557	0.5	-11.0	0.00	0.73	98.4	1.00	103.4	0.0	0.0	8.5	0.000	0.000	0.9754839136	0.787	0.188
20170116	0.8747322487	1.430	0.0	-8.3	0.00	0.51	98.4	1.00	103.4	0.0	0.0	7.6	0.000	0.000	0.8747322487	0.706	0.169
20170117	0.7843865964	1.395	2.0	-4.8	0.00	1.26	99.7	1.00	103.4	0.0	0.0	6.8	0.000	0.000	0.7843865964	0.633	0.152
20170118	0.7033721845	1.369	4.1	-2.4	0.00	0.40	102.4	1.00	103.4	0.0	0.0	6.1	0.000	0.000	0.7033721845	0.567	0.136
20170119	0.6307252473	1.326	2.0	-1.4	0.00	0.67	103.7	1.00	103.4	0.0	0.0	5.5	0.000	0.000	0.6307252473	0.509	0.122
20170120	0.5655815602	1.265	0.3	-1.5	0.00	0.91	103.9	1.00	103.4	0.0	0.0	4.9	0.000	0.000	0.5655815602	0.456	0.109
20170121	0.5071661594	1.244	0.8	-0.2	0.00	0.90	104.4	1.00	103.4	0.0	0.0	4.4	0.000	0.000	0.5071661594	0.409	0.098
20170122	0.4547841218	1.254	1.3	0.7	0.00	1.01	105.7	1.00	103.4	0.0	0.0	3.9	0.000	0.000	0.4547841218	0.367	0.088
20170123	0.4078122991	1.298	0.8	-2.3	0.00	1.07	106.2	1.00	103.4	0.0	0.0	3.5	0.000	0.000	0.4078122991	0.329	0.079
20170124	0.3656919037	1.567	21.6	-2.0	0.00	0.98	120.4	1.00	103.4	0.0	0.0	3.2	0.000	0.000	0.3656919037	0.295	0.071
20170125	0.3279218620	1.498	0.8	-3.9	0.00	1.19	121.0	1.00	103.4	0.0	0.0	2.8	0.000	0.000	0.327921862	0.265	0.063
20170126	0.2940528528	1.902	8.1	0.4	0.00	0.78	129.1	1.00	103.4	0.0	0.0	2.6	0.000	0.000	0.2940528528	0.237	0.057
20170127	0.2636819630	1.791	13.7	-3.7	0.00	1.47	138.1	1.00	103.4	0.0	0.0	2.3	0.000	0.000	0.263681963	0.213	0.051
20170128	0.2364478934	1.569	2.3	-3.5	0.00	1.33	139.6	1.00	103.4	0.0	0.0	2.1	0.000	0.000	0.2364478934	0.191	0.046
20170129	0.2120266614	1.462	2.0	-3.4	0.00	1.00	140.9	1.00	103.4	0.0	0.0	1.8	0.000	0.000	0.2120266614	0.171	0.041
20170130	0.1901277466	1.415	1.5	-11.3	0.00	1.16	141.9	1.00	103.4	0.0	0.0	1.7	0.000	0.000	0.1901277466	0.153	0.037
20170131	0.1704906344	1.349	0.0	-13.2	0.00	0.95	141.9	1.00	103.4	0.0	0.0	1.5	0.000	0.000	0.1704906344	0.138	0.033
20170201	0.1528817174	1.268	2.8	-8.3	0.00	0.76	143.7	1.00	103.4	0.0	0.0	1.3	0.000	0.000	0.1528817174	0.123	0.030
20170202	0.1370915159	1.215	1.3	-8.2	0.00	0.85	144.6	1.00	103.4	0.0	0.0	1.2	0.000	0.000	0.1370915159	0.111	0.026
20170203	0.1229321861	1.171	2.8	-9.7	0.00	0.43	146.4	1.00	103.4	0.0	0.0	1.1	0.000	0.000	0.1229321861	0.099	0.024
20170204	0.1102352853	1.123	1.8	-10.3	0.00	0.93	147.6	1.00	103.4	0.0	0.0	1.0	0.000	0.000	0.1102352853	0.089	0.021
20170205	0.0988497685	1.086	1.5	-7.0	0.00	0.87	148.6	1.00	103.4	0.0	0.0	0.9	0.000	0.000	0.0988497685	0.080	0.019
20170206	0.0886401908	1.073	3.8	-9.8	0.00	0.98	151.1	1.00	103.4	0.0	0.0	0.8	0.000	0.000	0.0886401908	0.072	0.017
20170207	0.0794850970	1.058	12.4	-8.4	0.00	0.48	159.2	1.00	103.4	0.0	0.0	0.7	0.000	0.000	0.079485097	0.064	0.015
20170208	0.0712755758	1.233	6.1	-1.1	0.00	0.79	163.3	1.00	103.4	0.0	0.0	0.6	0.000	0.000	0.0712755758	0.058	0.014
20170209	0.0639139650	1.153	5.6	-13.0	0.00	0.50	166.9	1.00	103.4	0.0	0.0	0.6	0.000	0.000	0.063913965	0.052	0.012
20170210	0.0573126891	1.103	1.8	-17.8	0.00	0.54	168.1	1.00	103.4	0.0	0.0	0.5	0.000	0.000	0.0573126891	0.046	0.011
20170211	0.0513932180	1.056	1.8	-13.6	0.00	0.30	169.3	1.00	103.4	0.0	0.0	0.4	0.000	0.000	0.051393218	0.041	0.010
20170212	0.0460851322	1.016	17.0	-10.8	0.00	0.35	180.5	1.00	103.4	0.0	0.0	0.4	0.000	0.000	0.0460851322	0.037	0.009
20170213	0.0413252856	0.999	5.3	-7.2	0.00	0.49	184.0	1.00	103.4	0.0	0.0	0.4	0.000	0.000	0.0413252856	0.033	0.008
20170214	0.0370570540	0.961	5.6	-8.2	0.00	0.67	187.7	1.00	103.4	0.0	0.0	0.3	0.000	0.000	0.037057054	0.030	0.007
20170215	0.0332296614	0.919	6.1	-4.5	0.00	0.30	191.7	1.00	103.4	0.0	0.0	0.3	0.000	0.000	0.0332296614	0.027	0.006
20170216	0.0297975764	0.920	5.3	-6.0	0.00	0.39	195.2	1.00	103.4	0.0	0.0	0.3	0.000	0.000	0.0297975764	0.024	0.006
20170217	0.0267199701	0.919	1.3	-7.1	0.00	1.21	196.0	1.00	103.4	0.0	0.0	0.2	0.000	0.000	0.0267199701	0.022	0.005
20170218	0.0239602306	0.916	0.0	-3.1	0.00	1.16	196.0	1.00	103.4	0.0	0.0	0.2	0.000	0.000	0.0239602306	0.019	0.005
20170219	0.0214855274	1.334	0.0	3.8	0.00	1.58	196.0	1.00	103.4	0.0	0.0	0.2	0.000	0.000	0.0214855274	0.017	0.004
20170220	0.0192664210	1.259	0.0	-3.8	0.00	0.87	196.0	1.00	103.4	0.0	0.0	0.2	0.000	0.000	0.019266421	0.016	0.004
20170221	0.0172765122	1.109	0.3	-4.1	0.00	1.11	196.2	1.00	103.4	0.0	0.0	0.1	0.000	0.000	0.0172765122	0.014	0.003
20170222	0.0306229504	1.144	0.0	4.3	0.00	1.45	196.0	1.00	103.4	0.1	0.0	0.3	0.000	0.000	0.0306229504	0.025	0.006
20170223	2.0166330201	2.027	0.0	6.7	0.00	1.00	177.9	1.00	106.2	15.3	10.0	3.5	0.000	1.6094911939	0.4071418262	1.377	0.639
20170224	2.8678258567	3.357	0.8	3.7	0.00	0.34	168.4	1.00	107.5	9.0	13.1	6.5	0.000	2.123053447	0.7447724097	1.888	0.979
20170225	6.5540753542	8.691	19.3	5.3	0.00	0.41	154.4	1.00	110.7	30.1	34.1	9.1	0.000	5.5065441236	1.0475312306	3.974	2.580
20170226	5.5487245722	8.663	4.1	-4.7	0.00	1.30	157.1	1.00	110.7	0.0	26.2	11.5	0.000	4.2297045958	1.3190199764	3.367	2.182
20170227	4.6928769074	4.705	0.8	-2.9	0.00	1.37	157.7	1.00	110.7	0.0	19.4	13.6	0.000	3.1304085688	1.5624683386	2.850	1.843
20170228	4.1865677809	3.766	0.3	1.3	0.00	1.26	156.2	1.00	110.8	1.6	14.9	15.5	0.000	2.405795347	1.7807724339	2.537	1.650
20170301	6.1061928146	7.047	9.1	4.1	0.00	0.66	145.6	1.00	112.1	18.5	25.6	17.2	0.000	4.1296635573	1.9765292573	3.563	2.543
20170302	5.1963457318	9.705	5.8	-3.1	0.00	0.59	149.4	1.00	112.1	0.0	18.8	18.7	0.000	3.0442781556	2.1520675762	3.036	2.161
20170303	4.4192903479	5.714	0.0	-11.0	0.00	0.69	149.4	1.00	112.1	0.0	13.1	20.1	0.000	2.1098147138	2.3094756341	2.585	1.835
20170304	3.7559136487	4.437	1.8	-16.5	0.00	0.48	150.6	1.00	112.1	0.0	8.1	21.3	0.000	1.3052876557	2.450625993	2.200	1.556
20170305	3.1898272420	3.799	0.0	-13.3	0.00	0.90	150.6	1.00	112.1	0.0	3.8	22.4	0.000	0.6126294325	2.5771978094	1.871	1.319
20170306	2.7069815839	3.523	0.3	-7.5	0.00	0.94	150.8	1.00	112.1	0.0	0.1	23.4	0.000	0.0162847736	2.6906968103	1.590	1.117
20170307	2.4232056231	3.396	4.3	-1.0	0.00	0.21	153.6	1.00	112.1	0.0	0.0	21.0	0.000	0.000	2.4232056231	1.423	1.000
20170308	3.1276727991	4.642	6.4	3.9	0.00	1.15	151.8	1.00	112.5	7.8	3.6	22.2	0.000	0.5750632802	2.5526095189	1.793	1.335
20170309	2.6567205572	3.849	6.1	-3.0	0.00	1.18	155.8	1.00	112.5	0.0	0.0	23.1	0.000	0.000	2.6567205572	1.528	1.129
20170310	2.3823244183	3.300	2.8	-9.0	0.00	0.54	157.7	1.00	112.5	0.0	0.0	20.7	0.000	0.000	2.3823244183	1.370	1.012
20170311	2.1362689496	2.960	0.8	-19.8	0.00	0.70	158.2	1.00	112.5	0.0	0.0	18.5	0.000	0.000	2.1362689496	1.228	0.908
20170312	1.9156270195	2.586	0.0	-16.5	0.00	1.08	158.2	1.00	112.5	0.0	0.0	16.6	0.000	0.000	1.9156270195	1.102	0.814
20170313	1.7177738218	2.328	0.0	-13.2	0.00	1.41	158.2	1.00	112.5	0.0	0.0	14.9	0.000	0.000	1.7177738218	0.988	0.730
20170314	1.5403556500	2.261	34.3	-9.9	0.00	0.45	180.7	1.00	112.5	0.0	0.0	13.4	0.000	0.000	1.54035565	0.886	0.655
20170315	1.3812618975	2.166	8.9	-9.4	0.00	0.27	186.6	1.00	112.5	0.0	0.0	12.0	0.000	0.000	1.3812618975	0.794	0.587
20170316	1.2385999489	2.038	2.8	-9.7	0.00	1.05	188.4	1.00	112.5	0.0	0.0	10.8	0.000	0.000	1.2385999489	0.712	0.526
20170317	1.1106726655	1.945	1.5	-8.5	0.00	0.99	189.4	1.00	112.5	0.0	0.0	9.6	0.000	0.000	1.1106726655	0.639	0.472
20170318	0.9959581954	1.869	0.0	-5.7	0.00	0.98	189.4	1.00	112.5	0.0	0.0	8.6	0.000	0.000	0.9959581954	0.573	0.423
20170319	0.8930918692	1.825	0.0	-3.1	0.00	1.17	189.4	1.00	112.5	0.0	0.0	7.8	0.000	0.000	0.8930918692	0.514	0.380
20170320	0.8008499660	1.843	0.0	-0.6	0.00	1.31	189.4	1.00	112.5	0.0	0.0	7.0	0.000	0.000	0.800849966	0.461	0.340
20170321	0.7181351551	1.806	0.0	0.8	0.00	1.21	189.4	1.00	112.5	0.0	0.0	6.2	0.000	0.000	0.7181351551	0.413	0.305
20170322	0.6439634424	1.687	3.3	-8.8	0.00	1.13	191.6	1.00	112.5	0.0	0.0	5.6	0.000	0.000	0.6439634424	0.370	0.274
20170323	0.5774524646	1.582	0.0	-10.2	0.00	0.99	191.6	1.00	112.5	0.0	0.0	5.0	0.000	0.000	0.5774524646	0.332	0.245
20170324	0.5178109918	1.571	10.4	-6.1	0.00	0.38	198.4	1.00	112.5	0.0	0.0	4.5	0.000	0.000	0.5178109918	0.298	0.220
20170325	0.4643295158	1.515	0.5	-4.5	0.00	0.43	198.7	1.00	112.5	0.0	0.0	4.0	0.000	0.000	0.4643295158	0.267	0.197
20170326	0.4163718087	1.503	0.3	-2.8	0.00	1.24	198.9	1.00	112.5	0.0	0.0	3.6	0.000	0.000	0.4163718087	0.239	0.177
20170327	0.3733673548	1.841	10.4	-0.3	0.00	0.50	205.8	1.00	112.5	0.0	0.0	3.2	0.000	0.000	0.3733673548	0.215	0.159
20170328	0.3348045635	2.141	1.5	2.7	0.00	0.26	207.3	1.00	112.5	0.0	0.0	2.9	0.000	0.000	0.3348045635	0.193	0.142
20170329	0.3002246829	2.051	1.0	-0.3	0.00	0.93	207.9	1.00	112.5	0.0	0.0	2.6	0.000	0.000	0.3002246829	0.173	0.128
20170330	0.2692163431	1.816	0.0	0.7	0.00	1.91	207.9	1.00	112.5	0.0	0.0	2.3	0.000	0.000	0.2692163431	0.155	0.114
20170331	0.2854850659	1.761	11.7	0.3	0.00	1.40	219.2	1.00	112.5	0.4	0.0	2.5	0.000	0.000	0.2854850659	0.163	0.123
20170401	2.4143553525	1.659	16.0	0.7	0.00	0.60	218.0	1.00	113.3	16.5	11.0	5.5	0.000	1.7786745332	0.6356808194	1.383	1.031
20170402	2.8690799405	1.886	0.3	2.6	0.00	0.74	211.6	1.00	113.5	6.5	11.9	8.2	0.000	1.9193729085	0.949707032	1.646	1.223
20170403	3.2534446851	2.019	0.0	2.6	0.00	1.20	205.0	1.00	113.7	6.3	12.5	10.7	0.000	2.0221452544	1.2312994307	1.862	1.391
20170404	4.4142585291	2.412	10.4	1.1	0.00	0.39	202.9	1.00	114.1	12.2	18.1	12.9	0.000	2.9304506269	1.4838079023	2.529	1.885
20170405	4.4996406127	2.592	2.0	1.6	0.00	0.79	199.1	1.00	114.2	5.6	17.3	14.8	0.000	2.7894042679	1.7102363447	2.578	1.922
20170406	6.4587712976	3.849	15.2	1.8	0.00	0.60	194.8	1.00	114.6	19.1	28.1	16.6	0.000	4.5454928956	1.9132784019	3.741	2.718
20170407	7.2536778058	5.213	8.4	1.9	0.00	0.22	190.4	1.00	114.8	12.6	31.9	18.2	0.000	5.1583282976	2.0953495082	4.233	3.021
20170408	6.1885235206	3.902	5.1	-2.4	0.00	0.75	193.7	1.00	114.8	0.0	24.3	19.6	0.000	3.929907898	2.2586156226	3.610	2.578
20170409	6.1377807020	3.904	0.3	2.7	0.00	1.57	187.8	1.00	114.9	6.2	23.1	20.9	0.000	3.7327617063	2.4050189956	3.588	2.550
20170410	9.0407953190	8.742	0.0	10.1	0.00	1.86	160.1	1.00	115.2	27.3	40.3	22.0	0.000	6.5044940439	2.5363012751	5.034	4.006
20170411	17.9057796987	18.395	1.0	11.7	0.00	1.22	128.1	1.00	115.4	32.8	54.1	23.0	5.6055907878	9.6461646863	2.6540242246	9.007	8.899
20170412	16.3195895164	18.372	0.3	5.7	0.00	0.54	112.8	1.00	115.5	15.5	52.4	24.0	4.391553017	9.1684481963	2.759588303	7.851	8.468
20170413	14.1886961114	13.782	2.0	4.1	0.00	1.57	102.1	1.00	115.6	12.7	50.1	24.8	2.7944492311	8.5399975559	2.8542493245	6.569	7.620
20170414	13.3495487798	13.201	0.3	4.9	0.00	1.95	89.2	1.00	115.6	13.1	49.1	25.5	2.1313452252	8.2790701566	2.939133398	5.895	7.454
20170415	20.7483139919	15.518	5.6	8.6	0.00	2.10	65.8	1.00	115.7	29.0	56.7	26.2	7.3862287556	10.3468349127	3.0152503235	8.118	12.631
20170416	30.3815440417	26.883	7.9	12.0	0.00	2.40	32.8	1.00	115.8	40.8	66.5	26.8	14.2502520448	13.0477863915	3.0835056054	10.474	19.908
20170417	22.1650227978	21.485	1.3	4.9	0.00	2.57	19.9	1.00	115.8	14.2	58.0	27.3	8.3099844182	10.7103271559	3.1447112238	7.460	14.705
20170418	15.8570649961	13.829	0.0	3.8	0.00	2.28	10.1	1.00	115.8	9.8	51.4	27.8	3.7438777782	8.9135919233	3.1995952946	5.268	10.590
20170419	17.3171758171	12.714	9.1	4.2	0.00	1.35	0.0	0.00	115.8	19.2	52.9	28.2	4.7563654233	9.3119996627	3.2488107312	5.528	11.789
20170420	10.3877390035	11.894	1.8	5.3	1.83	1.83	0.0	0.00	114.0	1.8	43.9	28.6	0.000	7.094795992	3.2929430115	3.438	6.949
20170421	10.9676710021	12.750	14.0	3.8	1.76	1.76	0.0	0.00	112.5	13.7	46.3	28.9	0.1397602824	7.4953935766	3.3325171431	3.693	7.275
20170422	9.7279087004	10.227	3.3	4.1	1.26	1.26	0.0	0.00	111.4	3.1	39.4	29.2	0.000	6.3599047915	3.3680039089	3.307	6.421
20170423	8.4032950614	8.719	0.3	7.7	2.25	2.25	0.0	0.00	109.2	0.3	31.0	29.5	0.000	5.003469594	3.3998254674	2.868	5.536
20170424	7.2249425467	7.746	0.0	7.9	2.32	2.32	0.0	0.00	106.9	0.0	23.5	29.8	0.000	3.7965821716	3.4283603751	2.474	4.751
20170425	6.6126835409	7.046	3.3	7.4	1.46	1.46	0.0	0.00	105.8	2.9	19.6	30.0	0.000	3.1587354512	3.4539480897	2.293	4.320
20170426	6.0199650738	7.088	2.8	11.1	0.33	0.33	0.0	0.00	105.9	2.4	15.7	30.2	0.000	2.5430720655	3.4768930084	2.114	3.906
20170427	5.2951737808	5.852	1.0	14.7	1.39	1.39	0.0	0.00	104.6	0.9	11.1	30.4	0.000	1.7977056916	3.4974680892	1.871	3.424
20170428	4.6110086218	5.034	0.5	16.6	2.27	2.27	0.0	0.00	102.5	0.4	6.8	30.5	0.000	1.0950905239	3.5159180979	1.636	2.975
20170429	4.0544397030	4.349	0.8	12.4	2.26	2.26	0.0	0.00	100.4	0.6	3.2	30.7	0.000	0.521977183	3.53246252	1.446	2.608
20170430	3.5945097588	3.884	1.0	2.7	2.08	2.08	0.0	0.00	98.5	0.8	0.3	30.8	0.000	0.0472115871	3.5472981716	1.289	2.305
20170501	5.1434434774	5.573	18.8	6.2	0.81	0.81	0.0	0.00	101.7	14.8	9.8	30.9	0.000	1.5828419363	3.5606015411	2.160	2.983
20170502	6.0402024451	8.210	14.2	7.9	0.46	0.46	0.0	0.00	103.8	11.6	15.3	31.0	0.000	2.4676715567	3.5725308883	2.774	3.266
20170503	5.6954016448	6.038	4.3	3.5	1.36	1.36	0.0	0.00	103.2	3.6	13.1	31.1	0.000	2.1121735173	3.5832281275	2.663	3.032
20170504	4.9001389849	4.732	0.0	8.2	1.64	1.64	0.0	0.00	101.5	0.0	8.1	31.2	0.000	1.3073184695	3.5928205153	2.272	2.628
20170505	5.3895860890	5.350	10.4	7.0	0.94	0.94	0.0	0.00	102.6	8.4	11.1	31.3	0.000	1.7881639239	3.6014221651	2.678	2.712
20170506	5.3901769045	5.489	6.6	10.7	1.66	1.66	0.0	0.00	102.1	5.4	11.0	31.3	0.000	1.7810415005	3.609135404	2.776	2.614
20170507	6.3569823485	5.798	15.0	7.3	1.15	1.15	0.0	0.00	103.6	12.4	17.0	31.4	0.000	2.740930358	3.6160519905	3.568	2.789
20170508	5.6204714387	6.016	1.3	2.5	0.82	0.82	0.0	0.00	103.0	1.1	12.4	31.4	0.000	1.9982172329	3.6222542057	3.153	2.468
20170509	5.0079911175	4.609	1.5	2.6	1.58	1.58	0.0	0.00	101.7	1.2	8.5	31.5	0.000	1.3801752847	3.6278158328	2.813	2.195
20170510	4.3099070314	4.126	0.0	5.0	2.74	2.74	0.0	0.00	98.9	0.0	4.2	31.5	0.000	0.6771039975	3.6328030339	2.402	1.908
20170511	3.7090693407	3.709	0.0	8.4	3.02	3.02	0.0	0.00	95.9	0.0	0.4	31.6	0.000	0.0717942026	3.6372751381	2.049	1.660
20170512	3.3075161624	3.391	0.0	11.1	3.24	3.24	0.0	0.00	92.7	0.0	0.0	28.7	0.000	0.000	3.3075161624	1.825	1.482
20170513	2.9871136720	3.144	0.3	11.2	1.60	1.60	0.0	0.00	91.2	0.2	0.0	25.9	0.000	0.000	2.987113672	1.652	1.335
20170514	4.2769329327	4.331	17.8	6.5	1.83	1.83	0.0	0.00	94.7	12.4	7.5	26.6	0.000	1.2186579191	3.0582750135	2.692	1.585
20170515	4.8155154028	5.810	11.4	9.2	0.95	0.95	0.0	0.00	96.8	8.3	10.5	27.1	0.000	1.69342886	3.1220865428	3.185	1.631
20170516	4.1261072933	3.745	0.0	13.1	2.19	2.19	0.0	0.00	94.7	0.0	5.9	27.6	0.000	0.9467999172	3.1793073762	2.708	1.418
20170517	3.5346073490	3.165	0.0	18.7	3.44	3.44	0.0	0.00	91.2	0.0	1.9	28.0	0.000	0.3039891233	3.2306182257	2.301	1.234
20170518	3.1119966473	2.805	0.3	23.3	4.01	4.01	0.0	0.00	87.3	0.2	0.0	27.0	0.000	0.000	3.1119966473	2.019	1.093
20170519	2.8737654370	2.636	1.3	12.2	2.39	2.39	0.0	0.00	85.4	0.8	0.0	25.0	0.000	0.000	2.873765437	1.876	0.998
20170520	2.5769520827	2.418	0.0	9.8	3.39	3.39	0.0	0.00	82.0	0.0	0.0	22.4	0.000	0.000	2.5769520827	1.682	0.895
20170521	2.3107947333	2.219	0.0	11.5	2.86	2.86	0.0	0.00	79.2	0.0	0.0	20.1	0.000	0.000	2.3107947333	1.508	0.802
20170522	3.2341782532	3.539	16.5	9.5	1.40	1.40	0.0	0.00	85.0	9.3	4.8	21.3	0.000	0.7823694025	2.4518088506	2.310	0.924
20170523	2.7817332316	2.852	0.5	12.6	3.32	3.32	0.0	0.00	81.8	0.3	1.3	22.4	0.000	0.2034747345	2.5782584971	1.974	0.808
20170524	2.4420887435	2.244	0.0	15.0	1.74	1.74	0.0	0.00	80.1	0.0	0.0	21.2	0.000	0.000	2.4420887435	1.727	0.715
20170525	2.2896132840	2.041	1.8	12.9	2.24	2.24	0.0	0.00	78.7	1.0	0.0	19.9	0.000	0.000	2.289613284	1.631	0.658
20170526	3.3129031120	3.859	17.8	10.1	2.73	2.73	0.0	0.00	83.8	10.0	5.4	21.1	0.000	0.8800880105	2.4328151015	2.547	0.766
20170527	2.8879319036	2.560	1.0	12.8	2.72	2.72	0.0	0.00	81.5	0.6	2.0	22.2	0.000	0.3267054095	2.5612264941	2.213	0.675
20170528	2.5056221500	2.063	0.0	15.1	3.53	3.53	0.0	0.00	77.9	0.0	0.0	21.8	0.000	0.000	2.50562215	1.912	0.594
20170529	2.4938372435	2.059	4.6	10.9	1.31	1.31	0.0	0.00	78.8	2.4	0.0	21.7	0.000	0.000	2.4938372435	1.929	0.565
20170530	2.5442268505	2.225	5.6	9.7	1.68	1.68	0.0	0.00	79.8	3.0	0.0	22.1	0.000	0.000	2.5442268505	2.000	0.544
20170531	2.6532719360	2.843	6.6	13.2	3.02	3.02	0.0	0.00	79.8	3.6	0.0	23.0	0.000	0.000	2.653271936	2.124	0.529
20170601	2.4230628700	2.295	0.8	12.9	4.97	4.97	0.0	0.00	75.2	0.4	0.0	21.0	0.000	0.000	2.42306287	1.943	0.480
20170602	2.3899792330	2.017	4.3	8.3	4.09	4.09	0.0	0.00	73.3	2.1	0.0	20.7	0.000	0.000	2.389979233	1.937	0.453
20170603	2.4671784195	2.394	6.6	8.1	3.26	3.26	0.0	0.00	73.5	3.1	0.0	21.4	0.000	0.000	2.4671784195	2.030	0.437
20170604	2.8227543752	2.436	10.9	12.4	3.81	3.81	0.0	0.00	75.2	5.3	1.4	22.5	0.000	0.2307137365	2.5920406387	2.379	0.443
20170605	2.7756140829	2.575	5.6	10.2	0.78	0.78	0.0	0.00	77.3	2.8	0.4	23.5	0.000	0.0716074668	2.7040066161	2.359	0.416
20170606	3.8343742353	4.855	19.3	8.2	2.92	2.92	0.0	0.00	83.0	10.6	6.4	24.3	0.000	1.029965911	2.8044083243	3.377	0.457
20170607	3.3095236129	3.138	0.5	13.2	4.05	4.05	0.0	0.00	79.2	0.3	2.6	25.1	0.000	0.4150834484	2.8944401646	2.907	0.402
20170608	2.8609381979	2.305	0.0	17.6	5.54	5.54	0.0	0.00	73.7	0.0	0.0	24.8	0.000	0.000	2.8609381979	2.507	0.354
20170609	2.5654496893	2.020	0.0	15.1	3.05	3.05	0.0	0.00	70.6	0.0	0.0	22.3	0.000	0.000	2.5654496893	2.248	0.317
20170610	2.3004803506	1.809	0.0	15.7	4.67	4.67	0.0	0.00	65.9	0.0	0.0	20.0	0.000	0.000	2.3004803506	2.016	0.284
20170611	2.0826994900	1.552	0.5	21.5	3.63	3.80	0.0	0.00	62.6	0.2	0.0	18.1	0.000	0.000	2.08269949	1.826	0.256
20170612	1.8675904161	1.316	0.0	22.7	4.40	4.86	0.0	0.00	58.2	0.0	0.0	16.2	0.000	0.000	1.8675904161	1.638	0.230
20170613	1.6746986203	1.124	0.0	18.9	3.95	4.68	0.0	0.00	54.3	0.0	0.0	14.5	0.000	0.000	1.6746986203	1.469	0.206
20170614	1.5017294181	1.042	0.0	13.4	4.96	6.32	0.0	0.00	49.3	0.0	0.0	13.0	0.000	0.000	1.5017294181	1.317	0.185
20170615	1.3466251288	0.959	0.0	14.2	4.25	5.96	0.0	0.00	45.1	0.0	0.0	11.7	0.000	0.000	1.3466251288	1.181	0.166
20170616	1.7897518150	2.700	19.8	13.0	2.82	3.72	0.0	0.00	56.9	5.1	1.3	13.8	0.000	0.2025294885	1.5872223265	1.616	0.174
20170617	1.5528060469	1.663	0.0	17.6	4.34	5.27	0.0	0.00	52.6	0.0	0.0	13.5	0.000	0.000	1.5528060469	1.399	0.153
20170618	1.4005160678	1.247	0.3	21.3	3.53	4.63	0.0	0.00	49.3	0.1	0.0	12.2	0.000	0.000	1.4005160678	1.263	0.138
20170619	2.1928187419	4.466	24.9	20.5	3.82	4.57	0.0	0.00	62.7	7.7	3.5	14.2	0.000	0.5572715363	1.6355472057	2.043	0.150
20170620	2.5775525787	4.345	14.0	17.0	5.42	5.59	0.0	0.00	65.8	5.5	4.5	16.0	0.000	0.7312491393	1.8463034394	2.429	0.148
20170621	2.1537024792	2.347	0.0	14.6	4.73	4.97	0.0	0.00	61.0	0.0	0.7	17.7	0.000	0.1184105063	2.0352919729	2.025	0.129
20170622	1.9008030982	1.783	0.0	15.9	3.14	3.56	0.0	0.00	57.9	0.0	0.0	16.5	0.000	0.000	1.9008030982	1.786	0.115
20170623	2.7375859808	3.879	22.4	18.1	3.96	4.22	0.0	0.00	67.9	8.4	4.0	18.1	0.000	0.6534232798	2.084162701	2.617	0.120
20170624	4.0378808509	6.725	26.2	17.1	4.93	4.93	0.0	0.00	76.7	12.5	11.1	19.5	0.000	1.7892966199	2.2485842311	3.911	0.127
20170625	4.0065452539	3.687	8.1	15.4	5.62	5.62	0.0	0.00	75.0	4.2	10.0	20.8	0.000	1.6105215697	2.3960236842	3.889	0.118
20170626	3.4036558518	3.073	0.0	13.5	5.45	5.45	0.0	0.00	69.6	0.0	5.4	22.0	0.000	0.8754208184	2.5282350334	3.301	0.103
20170627	3.3095720546	2.639	6.9	13.7	3.55	3.55	0.0	0.00	69.9	3.0	4.1	23.0	0.000	0.6627809597	2.6467910948	3.215	0.095
20170628	2.9312821389	2.674	2.0	12.3	3.68	3.68	0.0	0.00	67.4	0.9	1.1	23.9	0.000	0.1781799006	2.7531022382	2.847	0.084
20170629	4.6837881903	5.470	32.3	13.3	2.80	2.80	0.0	0.00	81.1	15.8	11.4	24.7	0.000	1.8353550253	2.848433165	4.595	0.089
20170630	4.1785457626	6.641	2.3	16.7	4.28	4.28	0.0	0.00	77.9	1.3	7.7	25.5	0.000	1.2446278092	2.9339179534	4.099	0.079
20170701	4.6050543840	6.016	13.7	17.6	3.87	3.87	0.0	0.00	80.2	7.4	9.9	26.1	0.000	1.5944808342	3.0105735498	4.529	0.076
20170702	4.0005295174	4.657	0.8	18.5	5.70	5.70	0.0	0.00	74.9	0.4	5.7	26.7	0.000	0.9212176509	3.0793118665	3.933	0.067
20170703	3.5428874494	3.508	1.8	16.1	7.57	7.57	0.0	0.00	68.3	0.9	2.5	27.3	0.000	0.4019368193	3.1409506301	3.483	0.060
20170704	3.0735808336	2.884	0.0	16.0	7.21	7.29	0.0	0.00	61.1	0.0	0.0	26.7	0.000	0.000	3.0735808336	3.021	0.053
20170705	2.7561297900	2.473	0.0	17.1	6.62	7.50	0.0	0.00	54.4	0.0	0.0	23.9	0.000	0.000	2.75612979	2.709	0.048
20170706	2.4714662899	2.130	0.0	18.8	5.34	6.78	0.0	0.00	49.1	0.0	0.0	21.5	0.000	0.000	2.4714662899	2.429	0.043
20170707	2.3109598384	1.977	3.8	18.9	3.37	4.60	0.0	0.00	48.6	0.9	0.0	20.1	0.000	0.000	2.3109598384	2.272	0.039
20170708	2.3736966482	2.504	11.2	17.4	2.92	3.83	0.0	0.00	54.0	2.9	0.0	20.6	0.000	0.000	2.3736966482	2.338	0.036
20170709	2.1567449651	2.159	1.0	16.3	3.12	3.97	0.0	0.00	51.6	0.3	0.0	18.7	0.000	0.000	2.1567449651	2.124	0.032
20170710	1.9339881948	1.702	0.0	17.8	2.91	3.90	0.0	0.00	48.7	0.0	0.0	16.8	0.000	0.000	1.9339881948	1.905	0.029
20170711	1.7946820741	1.526	2.5	19.5	3.89	5.42	0.0	0.00	46.7	0.6	0.0	15.6	0.000	0.000	1.7946820741	1.769	0.026
20170712	1.6313768349	1.457	1.0	18.7	4.49	6.59	0.0	0.00	43.0	0.2	0.0	14.2	0.000	0.000	1.6313768349	1.608	0.024
20170713	1.7188197336	2.601	11.4	14.4	2.81	4.10	0.0	0.00	49.1	2.5	0.0	14.9	0.000	0.000	1.7188197336	1.697	0.022
20170714	1.6492082312	2.126	4.3	13.4	1.24	1.69	0.0	0.00	51.1	1.0	0.0	14.3	0.000	0.000	1.6492082312	1.629	0.020
20170715	1.4917303574	1.834	0.5	17.3	3.68	4.96	0.0	0.00	47.8	0.1	0.0	13.0	0.000	0.000	1.4917303574	1.474	0.018
20170716	1.3560210264	1.358	0.8	18.8	4.25	6.11	0.0	0.00	44.2	0.2	0.0	11.8	0.000	0.000	1.3560210264	1.340	0.016
20170717	1.4557217819	1.675	10.4	19.7	3.26	4.68	0.0	0.00	49.0	2.3	0.0	12.6	0.000	0.000	1.4557217819	1.441	0.015
20170718	1.3173327864	1.485	0.5	19.7	3.73	5.25	0.0	0.00	45.6	0.1	0.0	11.4	0.000	0.000	1.3173327864	1.304	0.013
20170719	1.1876375025	1.077	0.3	20.2	4.13	6.23	0.0	0.00	41.8	0.1	0.0	10.3	0.000	0.000	1.1876375025	1.176	0.012
20170720	1.0704436746	0.887	0.3	19.9	3.66	6.04	0.0	0.00	38.3	0.1	0.0	9.3	0.000	0.000	1.0704436746	1.060	0.011
20170721	0.9598842067	0.718	0.0	19.6	3.95	7.11	0.0	0.00	34.4	0.0	0.0	8.3	0.000	0.000	0.9598842067	0.950	0.010
20170722	0.8646772659	0.594	0.3	18.6	2.85	5.71	0.0	0.00	31.8	0.0	0.0	7.5	0.000	0.000	0.8646772659	0.856	0.009
20170723	0.7788136283	0.516	0.3	16.9	2.52	5.45	0.0	0.00	29.5	0.0	0.0	6.8	0.000	0.000	0.7788136283	0.771	0.008
20170724	0.9130759224	1.085	15.2	12.5	2.30	4.41	0.0	0.00	40.4	2.1	0.0	7.9	0.000	0.000	0.9130759224	0.906	0.007
20170725	0.8722474879	1.404	3.0	13.5	2.64	4.39	0.0	0.00	40.2	0.5	0.0	7.6	0.000	0.000	0.8722474879	0.866	0.007
20170726	0.7907077374	0.819	0.5	15.9	3.36	5.75	0.0	0.00	37.3	0.1	0.0	6.9	0.000	0.000	0.7907077374	0.785	0.006
20170727	0.7240656269	0.717	1.0	16.8	2.65	4.87	0.0	0.00	35.5	0.1	0.0	6.3	0.000	0.000	0.7240656269	0.719	0.005
20170728	0.6702905100	0.614	1.5	14.9	3.40	6.51	0.0	0.00	33.4	0.2	0.0	5.8	0.000	0.000	0.67029051	0.666	0.005
20170729	0.6010603731	0.451	0.0	14.7	2.44	5.05	0.0	0.00	30.9	0.0	0.0	5.2	0.000	0.000	0.6010603731	0.597	0.004
20170730	0.5389805864	0.361	0.0	15.8	3.25	7.27	0.0	0.00	27.7	0.0	0.0	4.7	0.000	0.000	0.5389805864	0.535	0.004
20170731	0.4923714634	0.335	1.0	18.3	1.27	3.12	0.0	0.00	27.3	0.1	0.0	4.3	0.000	0.000	0.4923714634	0.489	0.003
20170801	0.4441757341	0.306	0.3	18.9	1.59	4.00	0.0	0.00	26.0	0.0	0.0	3.9	0.000	0.000	0.4441757341	0.441	0.003
20170802	0.3982995858	0.233	0.0	19.7	1.67	4.43	0.0	0.00	24.3	0.0	0.0	3.5	0.000	0.000	0.3982995858	0.396	0.003
20170803	0.4677302140	0.809	11.2	19.8	2.72	6.39	0.0	0.00	31.7	1.1	0.0	4.1	0.000	0.000	0.467730214	0.465	0.003
20170804	0.4308620556	0.534	1.0	19.7	2.71	5.81	0.0	0.00	29.9	0.1	0.0	3.7	0.000	0.000	0.4308620556	0.429	0.002
20170805	1.2450042404	3.876	35.6	16.1	2.70	4.22	0.0	0.00	55.7	7.1	3.0	6.7	0.000	0.4789615162	0.7660427242	1.243	0.002
20170806	1.0822801138	1.810	2.8	13.7	5.10	6.21	0.0	0.00	52.6	0.8	0.1	9.3	0.000	0.0156754472	1.0666046666	1.080	0.002
20170807	1.0812633965	1.045	4.1	15.1	4.22	5.39	0.0	0.00	51.4	1.1	0.0	9.4	0.000	0.000	1.0812633965	1.079	0.002
20170808	1.0087925388	0.939	1.5	15.0	4.89	6.51	0.0	0.00	47.6	0.4	0.0	8.8	0.000	0.000	1.0087925388	1.007	0.002
20170809	0.9343969623	0.635	1.3	16.1	4.48	6.43	0.0	0.00	44.1	0.3	0.0	8.1	0.000	0.000	0.9343969623	0.933	0.002
20170810	0.8479025316	0.474	0.5	18.1	2.62	4.09	0.0	0.00	41.9	0.1	0.0	7.4	0.000	0.000	0.8479025316	0.847	0.001
20170811	0.7658314291	0.411	0.3	18.9	3.21	5.28	0.0	0.00	38.9	0.1	0.0	6.6	0.000	0.000	0.7658314291	0.765	0.001
20170812	0.9622704251	0.846	13.7	18.5	2.11	3.28	0.0	0.00	47.9	2.7	0.0	8.4	0.000	0.000	0.9622704251	0.961	0.001
20170813	0.9612520611	0.794	4.1	16.4	2.39	3.34	0.0	0.00	48.6	1.0	0.0	8.3	0.000	0.000	0.9612520611	0.960	0.001
20170814	0.8737795022	0.488	0.5	16.7	3.09	4.38	0.0	0.00	45.9	0.1	0.0	7.6	0.000	0.000	0.8737795022	0.873	0.001
20170815	1.3525007718	1.252	19.1	17.7	3.42	4.47	0.0	0.00	56.6	5.0	1.2	10.1	0.000	0.1892867887	1.1632139831	1.352	0.001
20170816	1.1946594300	1.054	1.0	13.4	3.35	4.06	0.0	0.00	53.9	0.3	0.0	10.4	0.000	0.000	1.19465943	1.194	0.001
20170817	1.0712704894	0.559	0.0	14.0	2.91	3.74	0.0	0.00	51.0	0.0	0.0	9.3	0.000	0.000	1.0712704894	1.071	0.001
20170818	1.4239936179	1.676	14.7	15.0	2.00	2.46	0.0	0.00	59.4	4.3	0.5	11.6	0.000	0.083686263	1.3403073548	1.423	0.001
20170819	1.2987598649	1.056	1.3	18.5	4.68	5.41	0.0	0.00	55.6	0.4	0.0	11.3	0.000	0.000	1.2987598649	1.298	0.001
20170820	1.1942954249	0.738	1.0	16.9	4.59	5.67	0.0	0.00	51.7	0.3	0.0	10.4	0.000	0.000	1.1942954249	1.194	0.001
20170821	1.0840661958	0.521	0.5	18.8	3.73	4.97	0.0	0.00	48.4	0.1	0.0	9.4	0.000	0.000	1.0840661958	1.084	0.001
20170822	1.1331295230	0.592	6.4	20.2	3.49	4.75	0.0	0.00	49.7	1.6	0.0	9.8	0.000	0.000	1.133129523	1.133	0.000
20170823	1.0283637832	0.589	0.5	15.4	4.03	5.58	0.0	0.00	46.1	0.1	0.0	8.9	0.000	0.000	1.0283637832	1.028	0.000
20170824	0.9221504855	0.389	0.0	13.8	3.30	4.95	0.0	0.00	42.8	0.0	0.0	8.0	0.000	0.000	0.9221504855	0.922	0.000
20170825	0.8269072985	0.340	0.0	12.4	2.44	3.94	0.0	0.00	40.3	0.0	0.0	7.2	0.000	0.000	0.8269072985	0.827	0.000
20170826	0.7415011878	0.309	0.0	12.4	2.47	4.24	0.0	0.00	37.9	0.0	0.0	6.4	0.000	0.000	0.7415011878	0.741	0.000
20170827	0.6649161430	0.263	0.0	13.2	2.79	5.09	0.0	0.00	35.1	0.0	0.0	5.8	0.000	0.000	0.664916143	0.665	0.000
20170828	0.5962410911	0.216	0.0	13.8	2.75	5.42	0.0	0.00	32.3	0.0	0.0	5.2	0.000	0.000	0.5962410911	0.596	0.000
20170829	0.5346590580	0.198	0.0	13.0	1.90	4.06	0.0	0.00	30.4	0.0	0.0	4.6	0.000	0.000	0.534659058	0.534	0.000
20170830	0.4794374500	0.178	0.0	13.9	2.11	4.80	0.0	0.00	28.3	0.0	0.0	4.2	0.000	0.000	0.47943745	0.479	0.000
20170831	0.4299193384	0.172	0.0	11.5	1.34	3.27	0.0	0.00	27.0	0.0	0.0	3.7	0.000	0.000	0.4299193384	0.430	0.000
20170901	0.3855156444	0.174	0.0	7.7	2.29	5.87	0.0	0.00	24.7	0.0	0.0	3.3	0.000	0.000	0.3855156444	0.385	0.000
20170902	0.3456981318	0.145	0.0	10.0	2.00	5.60	0.0	0.00	22.7	0.0	0.0	3.0	0.000	0.000	0.3456981318	0.346	0.000
20170903	0.8188471280	1.340	32.0	10.2	1.54	2.92	0.0	0.00	48.5	4.6	0.8	6.0	0.000	0.1291722757	0.6896748523	0.819	0.000
20170904	0.7939842726	1.861	3.8	14.7	3.53	4.88	0.0	0.00	47.9	0.9	0.0	6.9	0.000	0.000	0.7939842726	0.794	0.000
20170905	1.1366955922	2.189	15.0	14.6	2.40	3.10	0.0	0.00	56.5	4.0	0.3	9.5	0.000	0.0450352859	1.0916603064	1.137	0.000
20170906	1.1869188479	1.723	5.6	12.8	1.91	2.26	0.0	0.00	58.5	1.7	0.0	10.3	0.000	0.000	1.1869188479	1.187	0.000
20170907	1.2896187242	1.505	6.6	12.7	3.05	3.47	0.0	0.00	59.8	2.2	0.0	11.2	0.000	0.000	1.2896187242	1.290	0.000
20170908	1.1900339260	1.122	1.0	11.4	2.64	3.03	0.0	0.00	57.9	0.3	0.0	10.3	0.000	0.000	1.190033926	1.190	0.000
20170909	1.1150861752	0.983	1.5	11.4	3.86	4.57	0.0	0.00	55.0	0.5	0.0	9.7	0.000	0.000	1.1150861752	1.115	0.000
20170910	1.0380273392	0.746	1.3	11.8	2.87	3.57	0.0	0.00	53.1	0.4	0.0	9.0	0.000	0.000	1.0380273392	1.038	0.000
20170911	0.9390498339	0.548	0.3	14.0	3.23	4.19	0.0	0.00	50.1	0.1	0.0	8.2	0.000	0.000	0.9390498339	0.939	0.000
20170912	0.8495184406	0.440	0.3	14.8	3.44	4.74	0.0	0.00	46.9	0.1	0.0	7.4	0.000	0.000	0.8495184406	0.849	0.000
20170913	0.7617769657	0.368	0.0	16.3	3.13	4.62	0.0	0.00	43.8	0.0	0.0	6.6	0.000	0.000	0.7617769657	0.762	0.000
20170914	0.6830977619	0.350	0.0	16.5	1.80	2.84	0.0	0.00	42.0	0.0	0.0	5.9	0.000	0.000	0.6830977619	0.683	0.000
20170915	0.6125448436	0.308	0.0	19.5	2.37	3.90	0.0	0.00	39.6	0.0	0.0	5.3	0.000	0.000	0.6125448436	0.612	0.000
20170916	0.5492788974	0.275	0.0	19.2	2.39	4.17	0.0	0.00	37.2	0.0	0.0	4.8	0.000	0.000	0.5492788974	0.549	0.000
20170917	0.4925472971	0.257	0.0	18.3	2.18	4.05	0.0	0.00	35.0	0.0	0.0	4.3	0.000	0.000	0.4925472971	0.493	0.000
20170918	0.4416751509	0.236	0.0	19.6	1.27	2.50	0.0	0.00	33.8	0.0	0.0	3.8	0.000	0.000	0.4416751509	0.442	0.000
20170919	0.3960572723	0.217	0.0	18.2	0.81	1.65	0.0	0.00	32.9	0.0	0.0	3.4	0.000	0.000	0.3960572723	0.396	0.000
20170920	0.3551509805	0.201	0.0	18.3	1.94	4.07	0.0	0.00	31.0	0.0	0.0	3.1	0.000	0.000	0.3551509805	0.355	0.000
20170921	0.3217683323	0.166	0.3	17.6	2.24	4.97	0.0	0.00	29.0	0.0	0.0	2.8	0.000	0.000	0.3217683323	0.322	0.000
20170922	0.2885348830	0.131	0.0	16.6	1.74	4.13	0.0	0.00	27.3	0.0	0.0	2.5	0.000	0.000	0.288534883	0.289	0.000
20170923	0.2587339099	0.125	0.0	17.7	1.43	3.62	0.0	0.00	25.9	0.0	0.0	2.2	0.000	0.000	0.2587339099	0.259	0.000
20170924	0.2320108939	0.118	0.0	21.6	1.54	4.12	0.0	0.00	24.3	0.0	0.0	2.0	0.000	0.000	0.2320108939	0.232	0.000
20170925	0.2080479320	0.119	0.0	22.5	1.61	4.57	0.0	0.00	22.7	0.0	0.0	1.8	0.000	0.000	0.208047932	0.208	0.000
20170926	0.1865599554	0.147	0.0	22.2	1.29	3.92	0.0	0.00	21.4	0.0	0.0	1.6	0.000	0.000	0.1865599554	0.187	0.000
20170927	0.1794736564	0.121	2.0	22.1	1.23	3.79	0.0	0.00	22.1	0.1	0.0	1.6	0.000	0.000	0.1794736564	0.179	0.000
20170928	0.1704282819	0.141	1.5	13.0	1.47	4.44	0.0	0.00	22.0	0.1	0.0	1.5	0.000	0.000	0.1704282819	0.170	0.000
20170929	0.1528258049	0.133	0.0	8.1	1.35	4.22	0.0	0.00	20.7	0.0	0.0	1.3	0.000	0.000	0.1528258049	0.153	0.000
20170930	0.1386986999	0.147	0.3	6.8	0.55	1.84	0.0	0.00	20.4	0.0	0.0	1.2	0.000	0.000	0.1386986999	0.139	0.000
