Date	Qsim	Qobs	Precipitation	Temperature	AET	PET	Snow	Snowcover	SM	Recharge	SUZ	SLZ	Q0	Q1	Q2	Qsim_rain	Qsim_snow
20151001	2.1633275489	1.116	0.0	7.9	2.12	2.27	0.0	0.00	79.1	0.0	5.1	8.3	0.000	0.9967008714	1.1666266775	2.163	0.000
20151002	1.7225976747	0.592	0.0	5.9	1.53	1.68	0.0	0.00	77.6	0.0	1.5	10.2	0.000	0.2827118212	1.4398858534	1.723	0.000
20151003	1.4412959322	0.452	0.0	6.2	1.70	1.91	0.0	0.00	75.9	0.0	0.0	10.2	0.000	0.000	1.4412959322	1.441	0.000
20151004	1.2635648953	0.376	0.0	6.4	1.66	1.90	0.0	0.00	74.2	0.0	0.0	9.0	0.000	0.000	1.2635648953	1.264	0.000
20151005	1.1077504688	0.340	0.0	7.3	1.96	2.30	0.0	0.00	72.3	0.0	0.0	7.9	0.000	0.000	1.1077504688	1.108	0.000
20151006	0.9757111912	0.319	0.1	8.6	2.31	2.77	0.0	0.00	70.0	0.0	0.0	6.9	0.000	0.000	0.9757111912	0.976	0.000
20151007	0.8553929707	0.314	0.0	10.8	1.65	2.04	0.0	0.00	68.4	0.0	0.0	6.1	0.000	0.000	0.8553929707	0.855	0.000
20151008	0.7499115936	0.308	0.0	7.1	1.42	1.80	0.0	0.00	66.9	0.0	0.0	5.3	0.000	0.000	0.7499115936	0.750	0.000
20151009	1.5576699816	1.196	17.1	7.1	0.99	1.19	0.0	0.00	76.7	6.3	2.5	7.6	0.000	0.483112677	1.0745573046	1.558	0.000
20151010	1.2640112224	0.728	0.3	4.9	1.84	2.07	0.0	0.00	75.0	0.1	0.0	9.0	0.000	0.000	1.2640112224	1.264	0.000
20151011	1.1081417578	0.533	0.0	9.3	1.87	2.16	0.0	0.00	73.2	0.0	0.0	7.9	0.000	0.000	1.1081417578	1.108	0.000
20151012	0.9714930798	0.467	0.0	13.4	1.97	2.34	0.0	0.00	71.2	0.0	0.0	6.9	0.000	0.000	0.9714930798	0.971	0.000
20151013	1.0816673122	0.469	5.0	13.2	1.32	1.58	0.0	0.00	73.0	1.9	0.0	7.7	0.000	0.000	1.0816673122	1.082	0.000
20151014	1.1888495218	0.666	4.9	6.0	1.50	1.74	0.0	0.00	74.5	2.0	0.0	8.5	0.000	0.000	1.1888495218	1.189	0.000
20151015	1.0422484987	0.539	0.0	6.4	1.86	2.16	0.0	0.00	72.6	0.0	0.0	7.4	0.000	0.000	1.0422484987	1.042	0.000
20151016	1.0169406489	0.553	2.2	4.2	1.78	2.11	0.0	0.00	72.2	0.8	0.0	7.2	0.000	0.000	1.0169406489	1.017	0.000
20151017	0.8915382856	0.594	7.2	-0.6	1.91	2.30	3.6	1.00	70.3	0.0	0.0	6.3	0.000	0.000	0.8915382856	0.892	0.000
20151018	0.7815997085	0.564	0.8	-3.3	0.00	1.09	4.0	1.00	70.3	0.0	0.0	5.6	0.000	0.000	0.7815997085	0.782	0.000
20151019	0.6852180262	0.516	0.8	-2.3	0.00	2.01	4.4	1.00	70.3	0.0	0.0	4.9	0.000	0.000	0.6852180262	0.685	0.000
20151020	0.8133712315	0.569	0.4	7.1	0.00	1.33	0.0	0.00	73.3	1.7	0.0	5.8	0.000	0.000	0.8133712315	0.801	0.012
20151021	0.7558468691	0.528	0.9	9.6	1.14	1.34	0.0	0.00	72.8	0.3	0.0	5.4	0.000	0.000	0.7558468691	0.742	0.013
20151022	0.7091278960	0.495	1.0	10.5	0.95	1.12	0.0	0.00	72.4	0.4	0.0	5.0	0.000	0.000	0.709127896	0.695	0.014
20151023	0.6354583861	0.459	0.3	1.8	0.77	0.92	0.0	0.00	71.9	0.1	0.0	4.5	0.000	0.000	0.6354583861	0.622	0.013
20151024	0.5570978806	0.416	0.0	1.6	1.63	1.97	0.0	0.00	70.2	0.0	0.0	4.0	0.000	0.000	0.5570978806	0.545	0.012
20151025	0.6545572885	0.519	3.8	6.4	1.27	1.54	0.0	0.00	71.4	1.3	0.0	4.7	0.000	0.000	0.6545572885	0.635	0.019
20151026	0.6091653380	0.476	0.8	1.8	1.19	1.44	0.0	0.00	70.7	0.3	0.0	4.3	0.000	0.000	0.609165338	0.590	0.019
20151027	0.5340471164	0.432	0.0	2.4	0.86	1.05	0.0	0.00	69.9	0.0	0.0	3.8	0.000	0.000	0.5340471164	0.518	0.016
20151028	1.5463805311	0.944	18.0	3.1	0.84	0.97	0.0	0.00	79.6	7.4	3.4	6.3	0.000	0.6610687308	0.8853118003	1.486	0.060
20151029	2.7099534703	3.926	16.9	10.5	1.66	1.72	0.0	0.00	85.6	9.3	7.8	8.5	0.000	1.5166926128	1.1932608575	2.610	0.100
20151030	2.3259170693	1.432	1.5	1.2	1.03	1.04	0.0	0.00	85.1	0.9	4.4	10.4	0.000	0.862681386	1.4632356833	2.241	0.085
20151031	1.8704615052	1.030	0.0	1.8	1.30	1.32	0.0	0.00	83.8	0.0	0.9	12.1	0.000	0.1705424976	1.6999190076	1.802	0.068
20151101	1.6601045241	0.931	0.9	5.2	0.82	0.84	0.0	0.00	83.4	0.5	0.0	11.8	0.000	0.000	1.6601045241	1.599	0.061
20151102	1.4892818664	0.828	0.5	5.7	1.45	1.50	0.0	0.00	82.2	0.3	0.0	10.6	0.000	0.000	1.4892818664	1.435	0.054
20151103	1.3121412801	0.793	0.1	8.2	0.99	1.05	0.0	0.00	81.3	0.1	0.0	9.3	0.000	0.000	1.3121412801	1.264	0.048
20151104	1.1503367367	0.746	0.0	7.5	1.18	1.26	0.0	0.00	80.1	0.0	0.0	8.2	0.000	0.000	1.1503367367	1.108	0.042
20151105	1.0084848543	0.736	0.0	11.9	1.39	1.51	0.0	0.00	78.7	0.0	0.0	7.2	0.000	0.000	1.0084848543	0.972	0.037
20151106	0.8898943928	0.721	0.1	14.4	1.45	1.60	0.0	0.00	77.3	0.0	0.0	6.3	0.000	0.000	0.8898943928	0.857	0.032
20151107	0.8686771483	0.692	1.6	6.7	1.37	1.53	0.0	0.00	76.8	0.7	0.0	6.2	0.000	0.000	0.8686771483	0.837	0.031
20151108	0.7939327666	0.691	0.6	1.1	1.47	1.66	0.0	0.00	75.7	0.3	0.0	5.6	0.000	0.000	0.7939327666	0.765	0.029
20151109	0.6960302535	0.660	0.0	3.9	0.83	0.95	0.0	0.00	74.8	0.0	0.0	4.9	0.000	0.000	0.6960302535	0.671	0.025
20151110	0.6102004278	0.636	0.0	5.1	1.17	1.35	0.0	0.00	73.7	0.0	0.0	4.3	0.000	0.000	0.6102004278	0.588	0.022
20151111	0.5590052508	0.642	0.5	6.2	0.80	0.94	0.0	0.00	73.2	0.2	0.0	4.0	0.000	0.000	0.5590052508	0.539	0.020
20151112	1.0305311305	0.860	9.8	5.4	1.14	1.30	0.0	0.00	77.7	4.1	0.6	6.4	0.000	0.1233388671	0.9071922634	0.997	0.033
20151113	1.7237882011	1.728	11.8	3.6	1.39	1.49	0.0	0.00	82.2	5.9	2.6	8.6	0.000	0.5113450337	1.2124431673	1.674	0.049
20151114	1.3866334042	1.754	4.9	-1.4	1.48	1.56	2.4	1.00	80.7	0.0	0.0	9.9	0.000	0.000	1.3866334042	1.347	0.040
20151115	1.2156429870	1.139	0.2	0.3	0.00	1.24	2.5	1.00	80.7	0.0	0.0	8.6	0.000	0.000	1.215642987	1.180	0.035
20151116	1.0657379718	1.105	1.0	0.3	0.00	0.98	3.0	1.00	80.7	0.0	0.0	7.6	0.000	0.000	1.0657379718	1.035	0.031
20151117	0.9343182469	0.978	0.0	-0.8	0.00	0.81	3.0	1.00	80.7	0.0	0.0	6.6	0.000	0.000	0.9343182469	0.907	0.027
20151118	0.8191043292	0.876	0.0	0.7	0.00	1.22	3.0	1.00	80.7	0.0	0.0	5.8	0.000	0.000	0.8191043292	0.795	0.024
20151119	1.3934239268	0.909	6.2	5.3	0.00	1.07	0.0	0.00	85.0	5.0	1.3	8.1	0.000	0.258206275	1.1352176518	1.335	0.059
20151120	1.8368564315	2.448	7.7	2.6	0.68	0.69	0.0	0.00	87.4	4.7	2.2	10.0	0.000	0.4245064515	1.4123499801	1.754	0.083
20151121	1.5069169429	1.382	0.0	-0.1	1.25	1.25	0.0	0.00	86.1	0.0	0.0	10.7	0.000	0.000	1.5069169429	1.440	0.067
20151122	1.3358955056	1.177	0.2	2.4	1.07	1.08	0.0	0.00	85.1	0.1	0.0	9.5	0.000	0.000	1.3358955056	1.276	0.060
20151123	1.1711617489	1.032	1.6	-5.1	0.92	0.94	0.8	1.00	84.2	0.0	0.0	8.3	0.000	0.000	1.1711617489	1.119	0.052
20151124	1.0267418644	0.903	0.0	-7.0	0.00	0.38	0.8	1.00	84.2	0.0	0.0	7.3	0.000	0.000	1.0267418644	0.981	0.046
20151125	0.9001308804	0.904	0.0	-3.3	0.00	0.52	0.8	1.00	84.2	0.0	0.0	6.4	0.000	0.000	0.9001308804	0.860	0.040
20151126	0.8175097019	0.903	0.0	1.1	0.00	0.48	0.4	1.00	84.4	0.2	0.0	5.8	0.000	0.000	0.8175097019	0.781	0.037
20151127	0.8073407275	0.918	0.9	5.7	0.00	1.19	0.0	0.00	85.0	0.7	0.0	5.7	0.000	0.000	0.8073407275	0.770	0.038
20151128	0.7077848338	1.010	1.2	0.3	1.03	1.05	0.6	1.00	83.9	0.0	0.0	5.0	0.000	0.000	0.7077848338	0.675	0.033
20151129	0.6205055113	0.903	0.6	-5.4	0.00	0.29	0.9	1.00	83.9	0.0	0.0	4.4	0.000	0.000	0.6205055113	0.591	0.029
20151130	0.5439888949	0.793	0.1	-6.7	0.00	0.22	0.9	1.00	83.9	0.0	0.0	3.9	0.000	0.000	0.5439888949	0.519	0.025
20151201	0.4769077992	0.886	8.2	-4.3	0.00	0.65	5.0	1.00	83.9	0.0	0.0	3.4	0.000	0.000	0.4769077992	0.455	0.022
20151202	2.4429472391	3.150	19.8	1.5	0.00	0.72	4.0	1.00	91.6	13.2	8.3	5.9	0.000	1.6077287151	0.835218524	2.299	0.144
20151203	3.1313373225	2.823	9.4	1.1	0.00	1.31	3.5	1.00	94.2	7.3	10.2	8.2	0.000	1.9819925714	1.1493447511	2.946	0.185
20151204	2.5320993396	1.756	3.3	-0.6	0.00	1.15	5.1	1.00	94.2	0.0	5.7	10.1	0.000	1.1073643203	1.4247350194	2.383	0.149
20151205	2.0414990008	1.641	0.8	0.4	0.00	0.85	5.5	1.00	94.2	0.0	1.9	11.8	0.000	0.3753330112	1.6661659897	1.921	0.120
20151206	1.6983054085	1.519	0.0	-0.1	0.00	0.95	5.5	1.00	94.2	0.0	0.0	12.1	0.000	0.000	1.6983054085	1.599	0.100
20151207	1.4888816707	1.415	0.0	-0.7	0.00	1.20	5.5	1.00	94.2	0.0	0.0	10.6	0.000	0.000	1.4888816707	1.401	0.087
20151208	1.3052826767	1.357	0.5	-2.1	0.00	0.41	5.8	1.00	94.2	0.0	0.0	9.3	0.000	0.000	1.3052826767	1.229	0.077
20151209	1.1443238906	1.346	0.0	0.4	0.00	0.68	5.8	1.00	94.2	0.0	0.0	8.1	0.000	0.000	1.1443238906	1.077	0.067
20151210	1.6028595024	1.485	0.0	4.2	0.00	0.74	0.0	0.00	95.4	4.5	0.9	10.1	0.000	0.1825262044	1.420333298	1.476	0.127
20151211	1.3607331979	1.555	0.0	5.2	0.65	0.65	0.0	0.00	94.8	0.0	0.0	9.7	0.000	0.000	1.3607331979	1.254	0.107
20151212	1.2218448566	1.411	0.3	3.6	0.33	0.33	0.0	0.00	94.5	0.2	0.0	8.7	0.000	0.000	1.2218448566	1.125	0.097
20151213	1.0998637924	1.283	0.3	1.4	0.88	0.88	0.0	0.00	93.7	0.2	0.0	7.8	0.000	0.000	1.0998637924	1.012	0.088
20151214	1.1046511083	1.250	1.5	3.7	0.64	0.64	0.0	0.00	93.4	1.1	0.0	7.9	0.000	0.000	1.1046511083	1.012	0.093
20151215	2.1495593371	2.227	10.4	3.7	0.54	0.54	0.0	0.00	95.2	8.1	3.9	9.9	0.000	0.7640066376	1.3855526995	1.949	0.200
20151216	1.7197707772	1.702	0.8	-1.5	0.95	0.95	0.4	1.00	94.3	0.0	0.5	11.6	0.000	0.087955404	1.6318153732	1.561	0.159
20151217	2.0964055926	1.604	5.3	2.1	0.00	0.60	0.0	0.00	95.5	4.5	1.3	13.1	0.000	0.2486950223	1.8477105703	1.899	0.197
20151218	1.9549292160	2.089	1.8	1.3	1.02	1.02	0.0	0.00	94.8	1.4	0.0	13.9	0.000	0.000	1.954929216	1.771	0.184
20151219	1.7138603356	1.610	5.8	-4.2	0.82	0.82	2.9	1.00	94.0	0.0	0.0	12.2	0.000	0.000	1.7138603356	1.552	0.162
20151220	1.5025184676	1.473	0.5	-6.5	0.00	0.36	3.1	1.00	94.0	0.0	0.0	10.7	0.000	0.000	1.5025184676	1.361	0.142
20151221	1.3172378744	1.446	1.3	-3.4	0.00	0.58	3.8	1.00	94.0	0.0	0.0	9.4	0.000	0.000	1.3172378744	1.193	0.124
20151222	4.2756178565	4.738	20.6	2.7	0.00	0.24	0.0	0.00	98.5	20.0	13.9	11.2	0.000	2.7036931782	1.5719246783	3.827	0.449
20151223	4.6382892881	3.627	7.9	4.8	1.01	1.01	0.0	0.00	98.4	6.9	14.6	12.8	0.000	2.8430840902	1.7952051979	4.156	0.482
20151224	5.1236262295	5.496	9.1	7.1	1.04	1.04	0.0	0.00	98.5	8.0	16.1	14.2	0.000	3.1326739819	1.9909522476	4.606	0.517
20151225	4.2330029263	3.355	0.0	3.7	1.27	1.27	0.0	0.00	97.2	0.0	10.6	15.4	0.000	2.0704418544	2.1625610718	3.806	0.427
20151226	3.4944013160	2.822	0.0	-0.1	1.48	1.48	0.0	0.00	95.7	0.0	6.1	16.4	0.000	1.1813930798	2.3130082362	3.142	0.353
20151227	2.8821955849	4.305	11.7	-1.5	0.74	0.74	5.8	1.00	95.0	0.0	2.2	17.4	0.000	0.4372923289	2.444903256	2.591	0.291
20151228	2.4202365523	3.357	1.8	-8.5	0.00	0.69	6.7	1.00	95.0	0.0	0.0	17.2	0.000	0.000	2.4202365523	2.176	0.244
20151229	2.1217890631	3.062	26.9	-8.4	0.00	0.26	20.2	1.00	95.0	0.0	0.0	15.1	0.000	0.000	2.1217890631	1.908	0.214
20151230	1.8601441352	2.735	3.3	-4.0	0.00	1.10	21.8	1.00	95.0	0.0	0.0	13.2	0.000	0.000	1.8601441352	1.673	0.188
20151231	1.6307635211	2.643	3.3	-1.4	0.00	0.60	23.5	1.00	95.0	0.0	0.0	11.6	0.000	0.000	1.6307635211	1.466	0.164
20160101	1.4296686001	2.500	2.8	-3.1	0.00	0.77	24.9	1.00	95.0	0.0	0.0	10.2	0.000	0.000	1.4296686001	1.285	0.144
20160102	1.2533713685	2.339	0.8	-4.5	0.00	0.84	25.3	1.00	95.0	0.0	0.0	8.9	0.000	0.000	1.2533713685	1.127	0.126
20160103	1.0988139400	2.225	1.8	-5.0	0.00	0.53	26.2	1.00	95.0	0.0	0.0	7.8	0.000	0.000	1.09881394	0.988	0.111
20160104	0.9633155065	2.115	1.0	-13.8	0.00	0.76	26.7	1.00	95.0	0.0	0.0	6.8	0.000	0.000	0.9633155065	0.866	0.097
20160105	0.8445258395	2.022	0.3	-17.5	0.00	1.25	26.8	1.00	95.0	0.0	0.0	6.0	0.000	0.000	0.8445258395	0.759	0.085
20160106	0.7403845248	1.919	0.0	-10.3	0.00	0.64	26.8	1.00	95.0	0.0	0.0	5.3	0.000	0.000	0.7403845248	0.666	0.075
20160107	0.6490852251	1.800	0.0	-5.6	0.00	0.70	26.8	1.00	95.0	0.0	0.0	4.6	0.000	0.000	0.6490852251	0.584	0.065
20160108	0.5690443483	1.753	0.0	-5.2	0.00	0.85	26.8	1.00	95.0	0.0	0.0	4.0	0.000	0.000	0.5690443483	0.512	0.057
20160109	0.4988735806	1.727	0.0	-0.6	0.00	0.59	26.8	1.00	95.0	0.0	0.0	3.5	0.000	0.000	0.4988735806	0.449	0.050
20160110	4.6972188523	6.849	31.5	2.0	0.00	0.37	26.5	1.00	99.8	27.0	19.7	6.1	0.000	3.8427432211	0.8544756311	4.274	0.423
20160111	3.8309705922	5.554	1.8	-5.9	0.00	1.44	27.4	1.00	99.8	0.0	13.7	8.3	0.000	2.6647433924	1.1662271998	3.486	0.345
20160112	3.1183369951	3.136	0.3	-7.2	0.00	0.35	27.6	1.00	99.8	0.0	8.6	10.2	0.000	1.6788013584	1.4395356367	2.837	0.281
20160113	2.5327460473	2.619	3.3	-13.2	0.00	1.53	29.2	1.00	99.8	0.0	4.4	11.9	0.000	0.8536045541	1.6791414932	2.304	0.229
20160114	2.0521462746	2.367	0.5	-13.2	0.00	0.87	29.5	1.00	99.8	0.0	0.8	13.4	0.000	0.162945527	1.8892007477	1.867	0.186
20160115	1.7593877228	2.206	0.0	-9.7	0.00	0.73	29.5	1.00	99.8	0.0	0.0	12.5	0.000	0.000	1.7593877228	1.600	0.159
20160116	1.5424317200	2.124	4.6	-2.6	0.00	0.51	31.8	1.00	99.8	0.0	0.0	11.0	0.000	0.000	1.54243172	1.403	0.139
20160117	1.3522292897	2.016	0.3	-7.1	0.00	1.26	31.9	1.00	99.8	0.0	0.0	9.6	0.000	0.000	1.3522292897	1.230	0.122
20160118	1.1854813593	1.878	5.3	-11.7	0.00	0.40	34.6	1.00	99.8	0.0	0.0	8.4	0.000	0.000	1.1854813593	1.078	0.107
20160119	1.0392956756	1.765	2.0	-15.4	0.00	0.67	35.6	1.00	99.8	0.0	0.0	7.4	0.000	0.000	1.0392956756	0.945	0.094
20160120	0.9111366390	1.637	1.3	-12.0	0.00	0.91	36.2	1.00	99.8	0.0	0.0	6.5	0.000	0.000	0.911136639	0.829	0.082
20160121	0.7987813232	1.556	0.8	-13.8	0.00	0.90	36.6	1.00	99.8	0.0	0.0	5.7	0.000	0.000	0.7987813232	0.727	0.072
20160122	0.7002809183	1.458	0.0	-11.8	0.00	1.01	36.6	1.00	99.8	0.0	0.0	5.0	0.000	0.000	0.7002809183	0.637	0.063
20160123	0.6139269288	1.383	0.0	-11.0	0.00	1.07	36.6	1.00	99.8	0.0	0.0	4.4	0.000	0.000	0.6139269288	0.558	0.056
20160124	0.5382215395	1.268	0.0	-10.1	0.00	0.98	36.6	1.00	99.8	0.0	0.0	3.8	0.000	0.000	0.5382215395	0.490	0.049
20160125	0.4718516357	1.172	0.0	-6.0	0.00	1.19	36.6	1.00	99.8	0.0	0.0	3.4	0.000	0.000	0.4718516357	0.429	0.043
20160126	0.4136660275	1.156	1.8	-1.8	0.00	0.78	37.5	1.00	99.8	0.0	0.0	2.9	0.000	0.000	0.4136660275	0.376	0.037
20160127	0.3626554818	1.149	0.8	-5.7	0.00	1.47	37.9	1.00	99.8	0.0	0.0	2.6	0.000	0.000	0.3626554818	0.330	0.033
20160128	0.3179352176	1.122	0.3	-6.9	0.00	1.33	38.1	1.00	99.8	0.0	0.0	2.3	0.000	0.000	0.3179352176	0.289	0.029
20160129	0.2787295593	1.065	0.0	-3.2	0.00	1.00	38.1	1.00	99.8	0.0	0.0	2.0	0.000	0.000	0.2787295593	0.254	0.025
20160130	0.2443584822	1.028	0.0	-4.9	0.00	1.16	38.1	1.00	99.8	0.0	0.0	1.7	0.000	0.000	0.2443584822	0.222	0.022
20160131	0.2142258179	0.987	0.0	-0.2	0.00	0.95	38.1	1.00	99.8	0.0	0.0	1.5	0.000	0.000	0.2142258179	0.195	0.019
20160201	0.1878089136	1.314	0.0	2.1	0.00	0.76	38.1	1.00	99.8	0.0	0.0	1.3	0.000	0.000	0.1878089136	0.171	0.017
20160202	0.1646495663	1.256	0.0	-3.8	0.00	0.85	38.1	1.00	99.8	0.0	0.0	1.2	0.000	0.000	0.1646495663	0.150	0.015
20160203	0.1443460759	1.980	11.4	-1.8	0.00	0.43	43.8	1.00	99.8	0.0	0.0	1.0	0.000	0.000	0.1443460759	0.131	0.013
20160204	0.1265462770	2.251	0.5	1.2	0.00	0.93	44.3	1.00	99.8	0.0	0.0	0.9	0.000	0.000	0.126546277	0.115	0.011
20160205	0.1109414310	1.600	0.3	-5.4	0.00	0.87	44.4	1.00	99.8	0.0	0.0	0.8	0.000	0.000	0.110941431	0.101	0.010
20160206	0.0972608710	1.293	0.0	-5.5	0.00	0.98	44.4	1.00	99.8	0.0	0.0	0.7	0.000	0.000	0.097260871	0.088	0.009
20160207	0.0852673067	1.158	0.0	-3.7	0.00	0.48	44.4	1.00	99.8	0.0	0.0	0.6	0.000	0.000	0.0852673067	0.078	0.008
20160208	0.0747527090	1.029	1.5	-7.1	0.00	0.79	45.2	1.00	99.8	0.0	0.0	0.5	0.000	0.000	0.074752709	0.068	0.007
20160209	0.0655347017	0.916	3.3	-6.8	0.00	0.50	46.8	1.00	99.8	0.0	0.0	0.5	0.000	0.000	0.0655347017	0.060	0.006
20160210	0.0574533977	0.894	1.0	-4.8	0.00	0.54	47.3	1.00	99.8	0.0	0.0	0.4	0.000	0.000	0.0574533977	0.052	0.005
20160211	0.0503686265	0.871	1.0	-14.5	0.00	0.30	47.8	1.00	99.8	0.0	0.0	0.4	0.000	0.000	0.0503686265	0.046	0.005
20160212	0.0441575022	0.845	0.0	-16.6	0.00	0.35	47.8	1.00	99.8	0.0	0.0	0.3	0.000	0.000	0.0441575022	0.040	0.004
20160213	0.0387122924	0.838	1.3	-21.1	0.00	0.49	48.5	1.00	99.8	0.0	0.0	0.3	0.000	0.000	0.0387122924	0.035	0.004
20160214	0.0339385498	0.830	0.0	-25.3	0.00	0.67	48.5	1.00	99.8	0.0	0.0	0.2	0.000	0.000	0.0339385498	0.031	0.003
20160215	0.0297534733	0.823	0.0	-17.7	0.00	0.30	48.5	1.00	99.8	0.0	0.0	0.2	0.000	0.000	0.0297534733	0.027	0.003
20160216	0.0260844727	3.469	29.7	-1.9	0.00	0.39	63.3	1.00	99.8	0.0	0.0	0.2	0.000	0.000	0.0260844727	0.024	0.002
20160217	0.0228679089	3.215	0.0	-4.7	0.00	1.21	63.3	1.00	99.8	0.0	0.0	0.2	0.000	0.000	0.0228679089	0.021	0.002
20160218	0.0200479903	1.557	0.0	-10.4	0.00	1.16	63.3	1.00	99.8	0.0	0.0	0.1	0.000	0.000	0.0200479903	0.018	0.002
20160219	0.0175758054	1.329	4.8	-8.5	0.00	1.58	65.7	1.00	99.8	0.0	0.0	0.1	0.000	0.000	0.0175758054	0.016	0.002
20160220	0.0154084738	1.221	11.2	-0.5	0.00	0.87	71.3	1.00	99.8	0.0	0.0	0.1	0.000	0.000	0.0154084738	0.014	0.001
20160221	0.0135084032	1.322	2.3	-2.5	0.00	1.11	72.4	1.00	99.8	0.0	0.0	0.1	0.000	0.000	0.0135084032	0.012	0.001
20160222	0.0118426367	1.223	0.3	-10.1	0.00	1.45	72.6	1.00	99.8	0.0	0.0	0.1	0.000	0.000	0.0118426367	0.011	0.001
20160223	0.0103822814	1.108	0.0	-9.6	0.00	1.00	72.6	1.00	99.8	0.0	0.0	0.1	0.000	0.000	0.0103822814	0.009	0.001
20160224	0.0091020075	2.554	32.5	-1.9	0.00	0.34	88.8	1.00	99.8	0.0	0.0	0.1	0.000	0.000	0.0091020075	0.008	0.001
20160225	3.1356375641	13.910	28.7	1.6	0.00	0.41	95.8	1.00	101.5	20.0	13.9	3.0	0.000	2.7105381301	0.4250994339	2.875	0.260
20160226	2.5069286724	5.036	1.0	-9.5	0.00	1.30	96.3	1.00	101.5	0.0	8.8	5.6	0.000	1.7171298503	0.7897988221	2.299	0.208
20160227	1.9952099810	3.619	0.0	-8.6	0.00	1.37	96.3	1.00	101.5	0.0	4.5	7.9	0.000	0.8856840759	1.1095259051	1.830	0.166
20160228	1.5796212621	3.085	1.0	1.4	0.00	1.26	97.3	1.00	101.5	0.0	1.0	9.9	0.000	0.1897948934	1.3898263688	1.449	0.131
20160229	2.2424340204	3.157	4.8	1.7	0.00	1.26	95.7	1.00	101.8	6.1	3.1	11.6	0.000	0.6068719785	1.6355620419	2.049	0.194
20160301	1.8180482258	2.891	0.3	-7.6	0.00	0.66	95.8	1.00	101.8	0.0	0.0	12.9	0.000	0.000	1.8180482258	1.662	0.157
20160302	1.5938585996	2.560	13.7	-7.6	0.00	0.59	102.7	1.00	101.8	0.0	0.0	11.3	0.000	0.000	1.5938585996	1.457	0.137
20160303	1.3973145482	2.368	0.3	-14.5	0.00	0.69	102.8	1.00	101.8	0.0	0.0	9.9	0.000	0.000	1.3973145482	1.277	0.120
20160304	1.2250070033	2.204	0.0	-13.0	0.00	0.48	102.8	1.00	101.8	0.0	0.0	8.7	0.000	0.000	1.2250070033	1.120	0.105
20160305	1.0739472798	1.984	0.0	-10.4	0.00	0.90	102.8	1.00	101.8	0.0	0.0	7.6	0.000	0.000	1.0739472798	0.981	0.092
20160306	0.9415152377	1.821	0.0	-5.6	0.00	0.94	102.8	1.00	101.8	0.0	0.0	6.7	0.000	0.000	0.9415152377	0.860	0.081
20160307	0.8254138349	1.791	2.8	-3.1	0.00	0.21	104.2	1.00	101.8	0.0	0.0	5.9	0.000	0.000	0.8254138349	0.754	0.071
20160308	0.7236292857	1.792	0.0	3.1	0.00	1.15	104.2	1.00	101.8	0.0	0.0	5.1	0.000	0.000	0.7236292857	0.661	0.062
20160309	3.2529068222	3.496	0.0	8.8	0.00	1.18	86.6	1.00	102.5	16.9	11.3	7.5	0.000	2.2013908659	1.0515159562	2.611	0.642
20160310	6.5101513612	9.592	15.5	4.1	0.00	0.54	77.8	1.00	103.0	23.8	26.5	9.5	0.000	5.1711815398	1.3389698213	4.923	1.587
20160311	5.3675736318	8.586	1.5	-0.8	0.00	0.70	78.5	1.00	103.0	0.0	19.4	11.3	0.000	3.7765968459	1.590976786	4.065	1.303
20160312	5.4415447223	6.622	0.0	3.3	0.00	1.08	72.2	1.00	103.1	6.3	18.6	12.9	0.000	3.629636796	1.8119079263	4.064	1.377
20160313	5.2102638926	6.679	0.0	2.5	0.00	1.41	67.7	1.00	103.2	4.4	16.5	14.3	0.000	3.2046685862	2.0055953065	3.845	1.365
20160314	4.3060971059	5.417	4.8	-1.4	0.00	0.45	70.1	1.00	103.2	0.0	10.9	15.5	0.000	2.1306986599	2.175398446	3.183	1.123
20160315	4.7512372290	5.389	1.3	3.3	0.00	0.27	64.0	1.00	103.3	7.3	12.5	16.5	0.000	2.4269746383	2.3242625907	3.402	1.349
20160316	7.5916676829	7.689	5.8	7.0	0.00	1.05	47.2	1.00	103.4	22.4	26.4	17.5	0.000	5.1368978847	2.4547697982	4.919	2.673
20160317	8.6539350734	8.940	1.3	5.7	0.00	0.99	34.1	1.00	103.5	14.3	31.2	18.3	0.000	6.0847513492	2.5691837242	5.318	3.336
20160318	7.2107096757	6.288	1.8	-2.7	0.00	0.98	35.0	1.00	103.5	0.0	23.3	19.0	0.000	4.5412207906	2.6694888851	4.445	2.766
20160319	6.0067682140	5.130	0.5	-6.2	0.00	1.17	35.3	1.00	103.5	0.0	16.7	19.6	0.000	3.2493431339	2.7574250801	3.715	2.292
20160320	5.0026071622	4.577	0.0	-4.3	0.00	1.31	35.3	1.00	103.5	0.0	11.1	20.2	0.000	2.1680895944	2.8345175678	3.104	1.898
20160321	4.1652241278	4.244	0.0	-1.1	0.00	1.21	35.3	1.00	103.5	0.0	6.5	20.6	0.000	1.2631206056	2.9021035222	2.594	1.571
20160322	3.4670504536	3.701	0.0	-2.4	0.00	1.13	35.3	1.00	103.5	0.0	2.6	21.1	0.000	0.5056952277	2.9613552259	2.167	1.300
20160323	2.9163047091	3.568	1.5	0.0	0.00	0.99	36.0	1.00	103.5	0.0	0.0	20.7	0.000	0.000	2.9163047091	1.829	1.088
20160324	2.5566853912	3.266	4.1	-3.1	0.00	0.38	38.1	1.00	103.5	0.0	0.0	18.2	0.000	0.000	2.5566853912	1.603	0.953
20160325	2.2414119380	3.635	5.8	-0.2	0.00	0.43	41.0	1.00	103.5	0.0	0.0	15.9	0.000	0.000	2.241411938	1.406	0.836
20160326	1.9650159120	3.523	0.0	1.2	0.00	1.24	41.0	1.00	103.5	0.0	0.0	14.0	0.000	0.000	1.965015912	1.232	0.733
20160327	2.6178916706	3.342	0.0	4.4	0.00	0.50	34.6	1.00	103.5	6.3	2.5	15.2	0.000	0.4780686378	2.1398230327	1.516	1.101
20160328	4.6050350687	4.481	13.7	1.4	0.00	0.26	33.2	1.00	103.6	15.1	11.9	16.3	0.000	2.3119609677	2.293074101	2.535	2.070
20160329	3.8109628587	4.507	4.1	-2.0	0.00	0.93	35.2	1.00	103.6	0.0	7.1	17.3	0.000	1.3835355929	2.4274272659	2.106	1.705
20160330	3.2909147993	3.464	0.0	1.4	0.00	1.91	34.4	1.00	103.6	0.9	3.8	18.1	0.000	0.745701908	2.5452128912	1.821	1.470
20160331	5.5223478290	3.409	0.0	7.2	0.00	1.40	17.2	1.00	103.6	17.2	14.8	18.8	0.000	2.8738738531	2.6484739759	2.803	2.719
20160401	14.2352865390	7.248	21.8	7.6	0.00	0.60	0.0	0.00	103.6	38.9	38.8	19.5	3.294501295	8.2017836541	2.7390015899	7.022	7.213
20160402	9.0448684276	5.250	2.3	2.7	0.74	0.74	0.0	0.00	102.9	2.3	31.5	20.0	0.0757048264	6.1507976613	2.81836594	4.505	4.540
20160403	7.4720999997	4.035	1.3	-6.6	1.20	1.20	0.6	1.00	101.7	0.0	23.5	20.5	0.000	4.5841563938	2.8879436059	3.728	3.744
20160404	6.2342200529	3.379	0.0	-8.6	0.00	0.39	0.6	1.00	101.7	0.0	16.9	21.0	0.000	3.2852786366	2.9489414163	3.116	3.119
20160405	5.2005836554	3.052	0.0	-7.8	0.00	0.79	0.6	1.00	101.7	0.0	11.3	21.3	0.000	2.1981662733	3.0024173821	2.603	2.597
20160406	4.3375927140	2.841	3.8	-3.6	0.00	0.60	2.5	1.00	101.7	0.0	6.6	21.7	0.000	1.2882936669	3.0492990471	2.175	2.162
20160407	6.3591209855	4.811	15.0	2.8	0.00	0.22	0.0	0.00	102.4	16.8	16.8	22.0	0.000	3.2687214087	3.0903995767	3.321	3.038
20160408	5.3107403517	5.221	8.4	-1.8	0.75	0.75	4.2	1.00	101.7	0.0	11.2	22.2	0.000	2.1843084895	3.1264318622	2.771	2.540
20160409	4.4347161030	3.752	0.5	-3.8	0.00	1.57	4.4	1.00	101.7	0.0	6.6	22.5	0.000	1.2766952174	3.1580208856	2.312	2.123
20160410	3.7027712334	3.241	0.5	-4.4	0.00	1.86	4.7	1.00	101.7	0.0	2.7	22.6	0.000	0.5170566728	3.1857145606	1.928	1.774
20160411	3.1201897643	3.349	7.6	-0.1	0.00	1.22	8.5	1.00	101.7	0.0	0.0	22.2	0.000	0.000	3.1201897643	1.624	1.497
20160412	5.2617095314	6.278	13.7	2.4	0.00	0.54	5.2	1.00	102.4	16.3	10.8	22.4	0.000	2.1091610096	3.1525485218	2.899	2.363
20160413	4.8217441737	3.992	0.3	1.8	0.00	1.57	2.7	1.00	102.5	2.6	8.4	22.6	0.000	1.6408271614	3.1809170123	2.660	2.162
20160414	4.4615585298	3.437	0.0	3.2	0.00	1.95	0.0	0.00	102.6	2.7	6.4	22.8	0.000	1.2557712407	3.2057872891	2.460	2.002
20160415	3.7271348113	3.153	0.0	5.3	2.10	2.10	0.0	0.00	100.5	0.0	2.6	22.9	0.000	0.4995440827	3.2275907286	2.050	1.677
20160416	3.1458159122	2.927	0.0	7.0	2.40	2.40	0.0	0.00	98.1	0.0	0.0	22.4	0.000	0.000	3.1458159122	1.727	1.419
20160417	2.7578947979	2.740	0.0	10.8	2.57	2.57	0.0	0.00	95.5	0.0	0.0	19.6	0.000	0.000	2.7578947979	1.514	1.244
20160418	2.7746511769	2.715	3.6	10.4	2.28	2.28	0.0	0.00	93.9	2.9	0.0	19.7	0.000	0.000	2.7746511769	1.533	1.242
20160419	3.6042375378	4.629	10.2	6.7	1.35	1.35	0.0	0.00	94.8	8.0	3.9	20.3	0.000	0.7546180809	2.8496194568	2.068	1.536
20160420	2.9954406780	3.092	0.0	5.4	1.83	1.83	0.0	0.00	92.9	0.0	0.4	20.7	0.000	0.0800975313	2.9153431467	1.711	1.284
20160421	2.6065471573	2.674	0.0	10.2	1.76	1.76	0.0	0.00	91.2	0.0	0.0	18.5	0.000	0.000	2.6065471573	1.488	1.118
20160422	2.4153657760	2.642	1.5	14.9	1.26	1.26	0.0	0.00	90.3	1.1	0.0	17.2	0.000	0.000	2.415365776	1.386	1.029
20160423	2.1597426083	2.532	0.5	4.9	2.25	2.25	0.0	0.00	88.3	0.3	0.0	15.4	0.000	0.000	2.1597426083	1.242	0.918
20160424	1.8934175014	2.301	0.0	3.5	2.32	2.32	0.0	0.00	85.9	0.0	0.0	13.5	0.000	0.000	1.8934175014	1.088	0.805
20160425	1.6599338369	2.157	0.0	3.5	1.44	1.46	0.0	0.00	84.5	0.0	0.0	11.8	0.000	0.000	1.6599338369	0.954	0.706
20160426	1.4552418264	2.213	8.1	0.2	0.32	0.33	4.0	1.00	84.2	0.0	0.0	10.3	0.000	0.000	1.4552418264	0.837	0.619
20160427	1.2972608840	2.759	0.5	1.0	0.00	1.39	4.2	1.00	84.3	0.2	0.0	9.2	0.000	0.000	1.297260884	0.747	0.550
20160428	1.1808792321	2.361	0.0	1.1	0.00	2.27	3.6	1.00	84.6	0.4	0.0	8.4	0.000	0.000	1.1808792321	0.682	0.499
20160429	1.2941724893	2.071	0.0	4.6	0.00	2.26	0.0	0.00	86.1	2.1	0.0	9.2	0.000	0.000	1.2941724893	0.753	0.541
20160430	1.1345837377	1.902	0.0	7.3	2.07	2.08	0.0	0.00	84.0	0.0	0.0	8.1	0.000	0.000	1.1345837377	0.660	0.474
20160501	1.4678260850	2.001	6.4	6.4	0.80	0.81	0.0	0.00	85.9	3.7	0.3	10.0	0.000	0.056031849	1.411794236	0.876	0.592
20160502	2.7329891314	3.685	15.0	4.2	0.46	0.46	0.0	0.00	90.7	9.7	5.5	11.8	0.000	1.0781681536	1.6548209777	1.756	0.977
20160503	2.2526580340	2.943	0.3	5.1	1.36	1.36	0.0	0.00	89.5	0.2	2.0	13.3	0.000	0.3847787574	1.8678792766	1.442	0.811
20160504	1.8811242665	2.463	0.0	5.2	1.64	1.64	0.0	0.00	87.8	0.0	0.0	13.4	0.000	0.000	1.8811242665	1.200	0.681
20160505	1.6491565220	2.270	0.0	8.3	0.94	0.94	0.0	0.00	86.9	0.0	0.0	11.7	0.000	0.000	1.649156522	1.052	0.597
20160506	1.4457934983	1.994	0.0	12.7	1.66	1.66	0.0	0.00	85.2	0.0	0.0	10.3	0.000	0.000	1.4457934983	0.923	0.523
20160507	1.2675078514	1.875	0.0	13.0	1.13	1.15	0.0	0.00	84.1	0.0	0.0	9.0	0.000	0.000	1.2675078514	0.809	0.459
20160508	2.9979233302	3.494	19.6	4.1	0.82	0.82	0.0	0.00	90.5	12.4	7.5	10.9	0.000	1.4695962989	1.5283270313	2.113	0.885
20160509	2.4915236575	2.563	0.5	2.3	1.58	1.58	0.0	0.00	89.0	0.3	3.8	12.5	0.000	0.7345399345	1.7569837231	1.751	0.741
20160510	2.0207368607	2.120	0.0	6.9	2.74	2.74	0.0	0.00	86.3	0.0	0.3	13.9	0.000	0.0632928697	1.957443991	1.413	0.608
20160511	1.7561317764	1.923	0.0	9.7	3.00	3.02	0.0	0.00	83.3	0.0	0.0	12.5	0.000	0.000	1.7561317764	1.227	0.529
20160512	1.5395772752	1.807	0.0	14.9	3.11	3.24	0.0	0.00	80.2	0.0	0.0	10.9	0.000	0.000	1.5395772752	1.076	0.464
20160513	2.2419862076	2.636	11.7	14.3	1.53	1.60	0.0	0.00	84.1	6.3	2.4	12.6	0.000	0.475139546	1.7668466616	1.637	0.605
20160514	2.7753621121	2.615	9.9	13.1	1.81	1.83	0.0	0.00	86.3	5.9	4.2	14.0	0.000	0.8092714146	1.9660906975	2.086	0.690
20160515	3.5138852701	4.502	11.9	4.6	0.95	0.95	0.0	0.00	89.6	7.7	7.0	15.2	0.000	1.3731199871	2.1407652829	2.723	0.791
20160516	3.3681475481	3.117	4.3	1.0	2.19	2.19	0.0	0.00	88.7	2.9	5.5	16.3	0.000	1.074247389	2.2939001591	2.630	0.739
20160517	2.7757668317	2.596	0.0	6.2	3.44	3.44	0.0	0.00	85.3	0.0	1.8	17.3	0.000	0.3476153716	2.42815146	2.160	0.616
20160518	2.3487815839	2.360	0.0	8.0	3.95	4.01	0.0	0.00	81.4	0.0	0.0	16.7	0.000	0.000	2.3487815839	1.824	0.525
20160519	2.3251233970	2.355	4.1	11.3	2.27	2.39	0.0	0.00	81.0	2.2	0.0	16.5	0.000	0.000	2.325123397	1.823	0.502
20160520	2.0571684512	2.305	0.3	12.5	3.17	3.39	0.0	0.00	78.0	0.2	0.0	14.6	0.000	0.000	2.0571684512	1.614	0.443
20160521	1.8034921077	2.031	0.0	14.4	2.57	2.86	0.0	0.00	75.4	0.0	0.0	12.8	0.000	0.000	1.8034921077	1.415	0.388
20160522	1.8376941852	1.966	4.8	15.5	1.24	1.40	0.0	0.00	76.9	2.1	0.0	13.1	0.000	0.000	1.8376941852	1.459	0.379
20160523	1.6110819497	1.738	0.0	12.0	2.95	3.32	0.0	0.00	74.0	0.0	0.0	11.5	0.000	0.000	1.6110819497	1.279	0.332
20160524	1.4513249438	1.604	0.8	16.3	1.49	1.74	0.0	0.00	73.0	0.3	0.0	10.3	0.000	0.000	1.4513249438	1.155	0.297
20160525	1.2864084983	1.513	0.3	17.8	1.88	2.24	0.0	0.00	71.3	0.1	0.0	9.1	0.000	0.000	1.2864084983	1.024	0.262
20160526	1.1277771505	1.334	0.0	17.9	2.24	2.73	0.0	0.00	69.0	0.0	0.0	8.0	0.000	0.000	1.1277771505	0.898	0.230
20160527	1.1256067743	1.211	3.3	21.3	2.20	2.72	0.0	0.00	69.0	1.1	0.0	8.0	0.000	0.000	1.1256067743	0.905	0.221
20160528	0.9868044265	1.060	0.0	22.8	2.81	3.53	0.0	0.00	66.2	0.0	0.0	7.0	0.000	0.000	0.9868044265	0.793	0.193
20160529	0.9009506546	0.969	1.0	21.1	1.00	1.31	0.0	0.00	65.9	0.3	0.0	6.4	0.000	0.000	0.9009506546	0.726	0.175
20160530	0.8917336372	1.100	2.8	19.6	1.29	1.68	0.0	0.00	66.6	0.8	0.0	6.3	0.000	0.000	0.8917336372	0.725	0.166
20160531	0.8369251824	0.970	1.5	18.1	2.33	3.02	0.0	0.00	65.3	0.4	0.0	6.0	0.000	0.000	0.8369251824	0.684	0.153
20160601	0.7337211302	0.807	0.0	16.9	3.74	4.97	0.0	0.00	61.6	0.0	0.0	5.2	0.000	0.000	0.7337211302	0.600	0.134
20160602	0.6432435160	0.697	0.0	17.8	2.90	4.09	0.0	0.00	58.7	0.0	0.0	4.6	0.000	0.000	0.643243516	0.526	0.118
20160603	0.5895951310	0.686	1.0	18.2	2.22	3.26	0.0	0.00	57.2	0.2	0.0	4.2	0.000	0.000	0.589595131	0.483	0.106
20160604	0.5168901773	0.582	0.0	17.8	2.52	3.81	0.0	0.00	54.7	0.0	0.0	3.7	0.000	0.000	0.5168901773	0.424	0.093
20160605	4.0887842356	6.100	56.9	14.7	0.64	0.78	0.0	0.00	87.9	23.1	16.5	6.2	0.000	3.2185136946	0.8702705409	3.781	0.308
20160606	3.4257459364	3.323	1.0	15.8	2.92	2.92	0.0	0.00	85.3	0.6	11.5	8.4	0.000	2.2456715501	1.1800743863	3.166	0.260
20160607	2.8273892446	1.761	0.5	15.3	3.98	4.05	0.0	0.00	81.5	0.3	7.1	10.3	0.000	1.3757139645	1.4516752801	2.610	0.217
20160608	2.3994992924	1.497	1.3	9.7	5.23	5.54	0.0	0.00	76.9	0.7	3.6	12.0	0.000	0.7097151359	1.6897841565	2.214	0.185
20160609	2.1831883151	1.494	3.3	6.3	2.74	3.05	0.0	0.00	76.0	1.5	1.5	13.5	0.000	0.2846572867	1.8985310284	2.017	0.166
20160610	1.8603427761	1.334	0.3	9.3	4.10	4.67	0.0	0.00	72.1	0.1	0.0	13.2	0.000	0.000	1.8603427761	1.718	0.143
20160611	1.6671688383	1.261	0.8	9.1	3.17	3.80	0.0	0.00	69.4	0.3	0.0	11.9	0.000	0.000	1.6671688383	1.540	0.127
20160612	1.5787445952	1.317	2.8	9.7	3.94	4.86	0.0	0.00	67.3	1.0	0.0	11.2	0.000	0.000	1.5787445952	1.461	0.118
20160613	1.8363398480	2.320	10.4	10.4	3.82	4.68	0.0	0.00	70.3	3.6	0.2	12.8	0.000	0.03515572	1.801184128	1.712	0.125
20160614	1.6013289655	1.758	0.0	12.6	5.12	6.32	0.0	0.00	65.2	0.0	0.0	11.4	0.000	0.000	1.6013289655	1.492	0.109
20160615	1.4141619792	1.105	0.3	15.9	4.49	5.96	0.0	0.00	60.9	0.1	0.0	10.1	0.000	0.000	1.4141619792	1.318	0.096
20160616	1.2397769211	0.865	0.0	16.6	2.61	3.72	0.0	0.00	58.3	0.0	0.0	8.8	0.000	0.000	1.2397769211	1.156	0.084
20160617	1.0868958695	0.704	0.0	16.2	3.54	5.27	0.0	0.00	54.8	0.0	0.0	7.7	0.000	0.000	1.0868958695	1.013	0.074
20160618	0.9528670933	0.610	0.0	17.3	2.92	4.63	0.0	0.00	51.8	0.0	0.0	6.8	0.000	0.000	0.9528670933	0.888	0.065
20160619	0.8353658551	0.522	0.0	19.1	2.73	4.57	0.0	0.00	49.1	0.0	0.0	5.9	0.000	0.000	0.8353658551	0.779	0.057
20160620	0.7323540889	0.444	0.0	21.6	3.17	5.59	0.0	0.00	45.9	0.0	0.0	5.2	0.000	0.000	0.7323540889	0.683	0.050
20160621	0.6926229892	0.435	3.6	15.9	2.72	4.97	0.0	0.00	46.4	0.4	0.0	4.9	0.000	0.000	0.6926229892	0.647	0.046
20160622	0.7808706958	0.963	10.2	12.2	2.08	3.56	0.0	0.00	53.1	1.4	0.0	5.6	0.000	0.000	0.7808706958	0.734	0.046
20160623	0.6943380072	0.691	0.5	14.6	2.59	4.22	0.0	0.00	50.9	0.1	0.0	4.9	0.000	0.000	0.6943380072	0.653	0.041
20160624	0.6139354976	0.455	0.3	15.6	2.90	4.93	0.0	0.00	48.3	0.0	0.0	4.4	0.000	0.000	0.6139354976	0.578	0.036
20160625	0.5382290517	0.358	0.0	17.6	3.13	5.62	0.0	0.00	45.2	0.0	0.0	3.8	0.000	0.000	0.5382290517	0.507	0.032
20160626	0.4718582215	0.298	0.0	20.3	2.84	5.45	0.0	0.00	42.3	0.0	0.0	3.4	0.000	0.000	0.4718582215	0.444	0.028
20160627	0.4136718012	0.269	0.0	19.1	1.73	3.55	0.0	0.00	40.6	0.0	0.0	2.9	0.000	0.000	0.4136718012	0.389	0.024
20160628	2.5972593181	3.820	54.6	20.2	2.58	3.68	0.0	0.00	78.1	14.5	9.3	5.5	0.000	1.8174789491	0.779780369	2.542	0.055
20160629	2.5900730664	2.979	6.6	17.6	2.58	2.80	0.0	0.00	78.9	3.2	7.6	7.8	0.000	1.4893302053	1.1007428611	2.538	0.052
20160630	2.1002298157	1.099	0.3	17.5	3.90	4.28	0.0	0.00	75.2	0.1	3.7	9.8	0.000	0.7181034243	1.3821263914	2.057	0.043
20160701	2.7515643030	1.314	14.0	17.4	3.52	3.87	0.0	0.00	79.1	6.6	5.8	11.6	0.000	1.1227527284	1.6288115746	2.703	0.048
20160702	2.3342651054	1.384	1.3	12.2	5.22	5.70	0.0	0.00	74.6	0.6	2.5	13.1	0.000	0.4891879252	1.8450771802	2.293	0.041
20160703	1.9272289100	0.835	0.0	14.7	6.51	7.57	0.0	0.00	68.0	0.0	0.0	13.7	0.000	0.000	1.92722891	1.893	0.035
20160704	1.6895758472	0.568	0.0	18.0	5.72	7.29	0.0	0.00	62.3	0.0	0.0	12.0	0.000	0.000	1.6895758472	1.659	0.030
20160705	1.4812285810	0.459	0.0	19.2	5.39	7.50	0.0	0.00	56.9	0.0	0.0	10.5	0.000	0.000	1.481228581	1.455	0.027
20160706	1.2985733151	0.367	0.0	20.8	4.45	6.78	0.0	0.00	52.5	0.0	0.0	9.2	0.000	0.000	1.2985733151	1.275	0.023
20160707	1.2485423095	0.558	5.3	21.9	2.90	4.60	0.0	0.00	54.0	0.9	0.0	8.9	0.000	0.000	1.2485423095	1.227	0.022
20160708	1.0945803684	0.531	0.0	18.5	2.38	3.83	0.0	0.00	51.6	0.0	0.0	7.8	0.000	0.000	1.0945803684	1.076	0.019
20160709	1.5247398513	1.310	19.8	14.5	2.71	3.97	0.0	0.00	64.4	4.3	0.8	9.8	0.000	0.1480160349	1.3767238164	1.504	0.021
20160710	1.5003298516	1.557	5.6	13.9	2.99	3.90	0.0	0.00	65.4	1.6	0.0	10.7	0.000	0.000	1.5003298516	1.481	0.019
20160711	1.3677979205	0.989	1.5	16.3	4.12	5.42	0.0	0.00	62.4	0.4	0.0	9.7	0.000	0.000	1.3677979205	1.350	0.017
20160712	1.1991301700	0.587	0.0	18.2	4.74	6.59	0.0	0.00	57.6	0.0	0.0	8.5	0.000	0.000	1.19913017	1.184	0.015
20160713	1.0512614056	0.423	0.0	20.7	2.72	4.10	0.0	0.00	54.9	0.0	0.0	7.5	0.000	0.000	1.0512614056	1.038	0.013
20160714	1.2975234662	1.181	13.7	21.2	1.18	1.69	0.0	0.00	64.4	3.0	0.0	9.2	0.000	0.000	1.2975234662	1.284	0.014
20160715	1.1980398547	0.906	1.8	20.1	3.72	4.96	0.0	0.00	62.0	0.5	0.0	8.5	0.000	0.000	1.1980398547	1.186	0.012
20160716	1.0592583533	0.570	0.3	18.0	4.37	6.11	0.0	0.00	57.8	0.1	0.0	7.5	0.000	0.000	1.0592583533	1.048	0.011
20160717	0.9286376520	0.428	0.0	19.4	3.12	4.68	0.0	0.00	54.7	0.0	0.0	6.6	0.000	0.000	0.928637652	0.919	0.010
20160718	1.0065460326	0.633	7.9	19.4	3.50	5.25	0.0	0.00	57.5	1.6	0.0	7.2	0.000	0.000	1.0065460326	0.997	0.009
20160719	0.8897240655	0.613	0.3	13.6	4.14	6.23	0.0	0.00	53.6	0.1	0.0	6.3	0.000	0.000	0.8897240655	0.882	0.008
20160720	0.7860225389	0.380	0.3	14.8	3.75	6.04	0.0	0.00	50.1	0.0	0.0	5.6	0.000	0.000	0.7860225389	0.779	0.007
20160721	0.6890954625	0.275	0.0	17.9	4.11	7.11	0.0	0.00	46.0	0.0	0.0	4.9	0.000	0.000	0.6890954625	0.683	0.006
20160722	1.1771213043	0.601	23.6	21.6	3.66	5.71	0.0	0.00	61.6	4.3	0.8	7.3	0.000	0.1558806897	1.0212406146	1.170	0.007
20160723	2.4297196512	4.040	26.9	18.9	4.42	5.45	0.0	0.00	74.7	9.4	5.7	9.3	0.000	1.1172918175	1.3124278337	2.420	0.009
20160724	1.9711502352	1.577	0.3	17.2	3.80	4.41	0.0	0.00	71.0	0.1	2.1	11.1	0.000	0.4034424553	1.5677077799	1.963	0.008
20160725	1.6297827480	0.897	0.0	18.4	3.60	4.39	0.0	0.00	67.4	0.0	0.0	11.6	0.000	0.000	1.629782748	1.623	0.007
20160726	1.4401229552	0.690	0.3	19.1	4.48	5.75	0.0	0.00	63.2	0.1	0.0	10.2	0.000	0.000	1.4401229552	1.434	0.006
20160727	1.2719841543	0.491	0.3	20.4	3.55	4.87	0.0	0.00	59.9	0.1	0.0	9.0	0.000	0.000	1.2719841543	1.267	0.005
20160728	1.1151315207	0.399	0.0	20.5	4.49	6.51	0.0	0.00	55.4	0.0	0.0	7.9	0.000	0.000	1.1151315207	1.111	0.004
20160729	0.9776209116	0.343	0.0	18.9	3.22	5.05	0.0	0.00	52.1	0.0	0.0	7.0	0.000	0.000	0.9776209116	0.974	0.004
20160730	0.8570671971	0.270	0.0	16.7	4.37	7.27	0.0	0.00	47.8	0.0	0.0	6.1	0.000	0.000	0.8570671971	0.854	0.003
20160731	0.7513793656	0.238	0.0	16.6	1.72	3.12	0.0	0.00	46.1	0.0	0.0	5.3	0.000	0.000	0.7513793656	0.748	0.003
20160801	1.5760956201	2.084	30.5	14.8	2.68	4.00	0.0	0.00	67.4	6.5	2.6	7.6	0.000	0.5002515394	1.0758440806	1.572	0.004
20160802	1.2598562093	0.970	0.0	17.0	3.44	4.43	0.0	0.00	64.0	0.0	0.0	9.0	0.000	0.000	1.2598562093	1.257	0.003
20160803	1.1044991133	0.535	0.0	18.0	4.71	6.39	0.0	0.00	59.3	0.0	0.0	7.9	0.000	0.000	1.1044991133	1.102	0.003
20160804	0.9682996221	0.368	0.0	18.8	3.97	5.81	0.0	0.00	55.3	0.0	0.0	6.9	0.000	0.000	0.9682996221	0.966	0.002
20160805	0.8488953470	0.267	0.0	20.7	2.69	4.22	0.0	0.00	52.6	0.0	0.0	6.0	0.000	0.000	0.848895347	0.847	0.002
20160806	0.7499155713	0.226	0.3	19.6	3.78	6.21	0.0	0.00	49.1	0.0	0.0	5.3	0.000	0.000	0.7499155713	0.748	0.002
20160807	0.6982524374	0.195	2.5	16.7	3.12	5.39	0.0	0.00	48.1	0.3	0.0	5.0	0.000	0.000	0.6982524374	0.697	0.002
20160808	0.6121485867	0.163	0.0	16.7	3.61	6.51	0.0	0.00	44.5	0.0	0.0	4.4	0.000	0.000	0.6121485867	0.611	0.001
20160809	0.5366624907	0.125	0.0	16.7	3.30	6.43	0.0	0.00	41.2	0.0	0.0	3.8	0.000	0.000	0.5366624907	0.535	0.001
20160810	0.4704848385	0.139	0.0	18.5	1.94	4.09	0.0	0.00	39.3	0.0	0.0	3.3	0.000	0.000	0.4704848385	0.469	0.001
20160811	0.4124677746	0.121	0.0	22.1	2.39	5.28	0.0	0.00	36.9	0.0	0.0	2.9	0.000	0.000	0.4124677746	0.411	0.001
20160812	0.4188796940	0.190	6.6	23.1	1.51	3.28	0.0	0.00	41.5	0.5	0.0	3.0	0.000	0.000	0.418879694	0.418	0.001
20160813	0.5291422085	0.456	11.9	19.7	1.80	3.34	0.0	0.00	50.3	1.3	0.0	3.8	0.000	0.000	0.5291422085	0.528	0.001
20160814	0.4894777305	0.533	1.5	21.1	2.57	4.38	0.0	0.00	49.0	0.2	0.0	3.5	0.000	0.000	0.4894777305	0.489	0.001
20160815	0.4291185893	0.246	0.0	18.6	2.52	4.47	0.0	0.00	46.5	0.0	0.0	3.1	0.000	0.000	0.4291185893	0.428	0.001
20160816	2.1488223208	1.591	43.4	16.9	2.92	4.06	0.0	0.00	75.3	11.7	7.0	5.6	0.000	1.3554999589	0.7933223619	2.147	0.001
20160817	3.0198084825	6.765	16.8	17.6	3.43	3.74	0.0	0.00	80.5	8.1	9.8	7.9	0.000	1.9071935371	1.1126149454	3.018	0.002
20160818	2.5185740471	1.217	1.0	18.6	2.30	2.46	0.0	0.00	78.7	0.5	5.8	9.9	0.000	1.1260395579	1.3925344892	2.517	0.001
20160819	2.0288997052	0.748	0.0	18.0	4.91	5.41	0.0	0.00	73.8	0.0	2.0	11.6	0.000	0.3909634903	1.6379362149	2.028	0.001
20160820	1.6834514241	0.514	0.0	18.1	4.83	5.67	0.0	0.00	69.0	0.0	0.0	12.0	0.000	0.000	1.6834514241	1.683	0.001
20160821	2.5432209310	0.680	18.3	19.1	4.26	4.97	0.0	0.00	75.7	7.4	3.3	13.5	0.000	0.6502417245	1.8929792065	2.542	0.001
20160822	2.8934287980	3.195	10.9	12.9	4.30	4.75	0.0	0.00	77.2	5.1	4.2	14.8	0.000	0.8167593828	2.0766694152	2.892	0.001
20160823	2.3698156572	0.995	0.0	14.5	4.96	5.58	0.0	0.00	72.2	0.0	0.7	15.9	0.000	0.1321074893	2.2377081679	2.369	0.001
20160824	2.0453978842	0.659	0.0	18.3	4.12	4.95	0.0	0.00	68.1	0.0	0.0	14.5	0.000	0.000	2.0453978842	2.045	0.001
20160825	1.7931730088	0.537	0.0	19.2	3.10	3.94	0.0	0.00	65.0	0.0	0.0	12.7	0.000	0.000	1.7931730088	1.792	0.001
20160826	1.5720508290	0.459	0.0	19.9	3.18	4.24	0.0	0.00	61.8	0.0	0.0	11.2	0.000	0.000	1.572050829	1.571	0.001
20160827	1.3781959670	0.361	0.0	18.8	3.63	5.09	0.0	0.00	58.2	0.0	0.0	9.8	0.000	0.000	1.378195967	1.378	0.001
20160828	1.3174508786	0.363	4.1	19.6	3.74	5.42	0.0	0.00	57.7	0.9	0.0	9.4	0.000	0.000	1.3174508786	1.317	0.000
20160829	1.1623438216	0.363	0.3	16.5	2.71	4.06	0.0	0.00	55.2	0.1	0.0	8.3	0.000	0.000	1.1623438216	1.162	0.000
20160830	1.0190113053	0.285	0.0	16.4	3.06	4.80	0.0	0.00	52.2	0.0	0.0	7.2	0.000	0.000	1.0190113053	1.019	0.000
20160831	1.4898450645	1.028	20.1	17.6	2.26	3.27	0.0	0.00	65.5	4.5	0.9	9.3	0.000	0.1793716366	1.310473428	1.489	0.000
20160901	1.2972335619	0.813	1.0	15.9	4.46	5.87	0.0	0.00	61.8	0.3	0.0	9.2	0.000	0.000	1.2972335619	1.297	0.000
20160902	1.1372673392	0.455	0.0	14.6	3.99	5.60	0.0	0.00	57.8	0.0	0.0	8.1	0.000	0.000	1.1372673392	1.137	0.000
20160903	0.9970270881	0.329	0.0	14.1	1.95	2.92	0.0	0.00	55.8	0.0	0.0	7.1	0.000	0.000	0.9970270881	0.997	0.000
20160904	0.8740803328	0.261	0.0	15.6	3.14	4.88	0.0	0.00	52.7	0.0	0.0	6.2	0.000	0.000	0.8740803328	0.874	0.000
20160905	0.7662945544	0.213	0.0	17.1	1.88	3.10	0.0	0.00	50.8	0.0	0.0	5.4	0.000	0.000	0.7662945544	0.766	0.000
20160906	0.6718002020	0.176	0.0	18.3	1.32	2.26	0.0	0.00	49.5	0.0	0.0	4.8	0.000	0.000	0.671800202	0.672	0.000
20160907	0.5889582652	0.147	0.0	19.8	1.98	3.47	0.0	0.00	47.5	0.0	0.0	4.2	0.000	0.000	0.5889582652	0.589	0.000
20160908	0.5382292777	0.172	1.5	19.9	1.68	3.03	0.0	0.00	47.2	0.2	0.0	3.8	0.000	0.000	0.5382292777	0.538	0.000
20160909	0.4830994231	0.166	0.8	19.6	2.50	4.57	0.0	0.00	45.4	0.1	0.0	3.4	0.000	0.000	0.4830994231	0.483	0.000
20160910	0.4235268124	0.120	0.0	18.6	1.87	3.57	0.0	0.00	43.5	0.0	0.0	3.0	0.000	0.000	0.4235268124	0.423	0.000
20160911	0.7188821374	0.820	19.1	13.5	2.49	4.19	0.0	0.00	57.3	2.8	0.0	5.1	0.000	0.000	0.7188821374	0.719	0.000
20160912	0.6374427601	0.290	0.3	12.3	3.14	4.74	0.0	0.00	54.4	0.1	0.0	4.5	0.000	0.000	0.6374427601	0.637	0.000
20160913	0.5588375548	0.169	0.0	15.3	2.89	4.62	0.0	0.00	51.5	0.0	0.0	4.0	0.000	0.000	0.5588375548	0.559	0.000
20160914	0.6057558912	0.306	5.8	13.1	1.77	2.84	0.0	0.00	54.6	0.9	0.0	4.3	0.000	0.000	0.6057558912	0.606	0.000
20160915	0.5373689895	0.224	0.3	9.8	2.46	3.90	0.0	0.00	52.4	0.1	0.0	3.8	0.000	0.000	0.5373689895	0.537	0.000
20160916	0.4711042165	0.149	0.0	11.7	2.52	4.17	0.0	0.00	49.9	0.0	0.0	3.3	0.000	0.000	0.4711042165	0.471	0.000
20160917	0.4555747771	0.116	2.5	14.0	2.38	4.05	0.0	0.00	49.6	0.3	0.0	3.2	0.000	0.000	0.4555747771	0.456	0.000
20160918	0.5172463814	0.306	6.4	18.0	1.51	2.50	0.0	0.00	53.6	1.0	0.0	3.7	0.000	0.000	0.5172463814	0.517	0.000
20160919	0.4694436214	0.234	0.8	17.3	1.03	1.65	0.0	0.00	53.2	0.1	0.0	3.3	0.000	0.000	0.4694436214	0.469	0.000
20160920	0.4115549534	0.183	0.0	18.6	2.50	4.07	0.0	0.00	50.7	0.0	0.0	2.9	0.000	0.000	0.4115549534	0.411	0.000
20160921	0.3608047314	0.113	0.0	15.9	2.91	4.97	0.0	0.00	47.8	0.0	0.0	2.6	0.000	0.000	0.3608047314	0.361	0.000
20160922	0.3163126894	0.089	0.0	17.0	2.28	4.13	0.0	0.00	45.5	0.0	0.0	2.2	0.000	0.000	0.3163126894	0.316	0.000
20160923	0.6243942319	0.736	17.8	11.7	2.21	3.62	0.0	0.00	58.3	2.8	0.0	4.4	0.000	0.000	0.6243942319	0.624	0.000
20160924	0.5857328659	0.335	1.5	8.1	2.80	4.12	0.0	0.00	56.7	0.3	0.0	4.2	0.000	0.000	0.5857328659	0.586	0.000
20160925	0.5135041811	0.225	0.0	6.2	2.99	4.57	0.0	0.00	53.7	0.0	0.0	3.7	0.000	0.000	0.5135041811	0.513	0.000
20160926	0.4501822577	0.197	0.0	8.1	2.43	3.92	0.0	0.00	51.3	0.0	0.0	3.2	0.000	0.000	0.4501822577	0.450	0.000
20160927	0.4726655195	0.240	4.1	12.3	2.32	3.79	0.0	0.00	52.4	0.6	0.0	3.4	0.000	0.000	0.4726655195	0.473	0.000
20160928	0.4237944434	0.176	0.5	12.6	2.70	4.44	0.0	0.00	50.2	0.1	0.0	3.0	0.000	0.000	0.4237944434	0.424	0.000
20160929	0.3715349288	0.149	0.0	10.7	2.44	4.22	0.0	0.00	47.7	0.0	0.0	2.6	0.000	0.000	0.3715349288	0.372	0.000
20160930	0.3257197102	0.122	0.0	8.7	1.01	1.84	0.0	0.00	46.7	0.0	0.0	2.3	0.000	0.000	0.3257197102	0.326	0.000
20161001	0.2855541199	0.138	0.0	8.7	1.22	2.27	0.0	0.00	45.5	0.0	0.0	2.0	0.000	0.000	0.2855541199	0.286	0.000
20161002	0.2503414834	0.170	0.0	9.8	0.88	1.68	0.0	0.00	44.6	0.0	0.0	1.8	0.000	0.000	0.2503414834	0.250	0.000
20161003	0.2763496614	0.207	4.3	11.7	1.02	1.91	0.0	0.00	47.4	0.5	0.0	2.0	0.000	0.000	0.2763496614	0.276	0.000
20161004	0.2422720575	0.195	0.0	11.6	1.04	1.90	0.0	0.00	46.4	0.0	0.0	1.7	0.000	0.000	0.2422720575	0.242	0.000
20161005	0.2123966772	0.163	0.0	12.1	1.23	2.30	0.0	0.00	45.2	0.0	0.0	1.5	0.000	0.000	0.2123966772	0.212	0.000
20161006	0.1899462788	0.156	0.3	12.7	1.45	2.77	0.0	0.00	44.0	0.0	0.0	1.4	0.000	0.000	0.1899462788	0.190	0.000
20161007	0.1700013148	0.139	0.3	15.1	1.04	2.04	0.0	0.00	43.2	0.0	0.0	1.2	0.000	0.000	0.1700013148	0.170	0.000
20161008	0.1490378824	0.135	0.0	13.7	0.90	1.80	0.0	0.00	42.3	0.0	0.0	1.1	0.000	0.000	0.1490378824	0.149	0.000
20161009	0.1306595211	0.140	0.0	8.0	0.58	1.19	0.0	0.00	41.7	0.0	0.0	0.9	0.000	0.000	0.1306595211	0.131	0.000
20161010	0.1145474572	0.140	0.0	4.4	1.00	2.07	0.0	0.00	40.7	0.0	0.0	0.8	0.000	0.000	0.1145474572	0.115	0.000
20161011	0.1004222259	0.142	0.0	8.4	1.02	2.16	0.0	0.00	39.7	0.0	0.0	0.7	0.000	0.000	0.1004222259	0.100	0.000
20161012	0.0880388243	0.129	0.0	12.7	1.07	2.34	0.0	0.00	38.6	0.0	0.0	0.6	0.000	0.000	0.0880388243	0.088	0.000
20161013	0.0896383451	0.125	1.5	9.8	0.72	1.58	0.0	0.00	39.3	0.1	0.0	0.6	0.000	0.000	0.0896383451	0.090	0.000
20161014	0.0785847400	0.136	0.0	4.7	0.79	1.74	0.0	0.00	38.5	0.0	0.0	0.6	0.000	0.000	0.07858474	0.079	0.000
20161015	0.0688941921	0.132	0.0	5.8	0.96	2.16	0.0	0.00	37.6	0.0	0.0	0.5	0.000	0.000	0.0688941921	0.069	0.000
20161016	0.1015239294	0.158	4.8	10.2	0.97	2.11	0.0	0.00	41.1	0.3	0.0	0.7	0.000	0.000	0.1015239294	0.102	0.000
20161017	0.0918869322	0.221	0.3	14.3	1.09	2.30	0.0	0.00	40.3	0.0	0.0	0.7	0.000	0.000	0.0918869322	0.092	0.000
20161018	0.0805560463	0.168	0.0	13.1	0.50	1.09	0.0	0.00	39.8	0.0	0.0	0.6	0.000	0.000	0.0805560463	0.081	0.000
20161019	0.0750127852	0.186	0.5	11.6	0.93	2.01	0.0	0.00	39.3	0.0	0.0	0.5	0.000	0.000	0.0750127852	0.075	0.000
20161020	0.0929888148	0.223	3.0	8.6	0.63	1.33	0.0	0.00	41.5	0.2	0.0	0.7	0.000	0.000	0.0929888148	0.093	0.000
20161021	1.7596272522	2.887	46.5	12.0	0.92	1.34	0.0	0.00	75.9	11.1	6.5	3.5	0.000	1.2609853746	0.4986418776	1.760	0.000
20161022	3.7342728474	4.492	27.2	5.7	1.07	1.12	0.0	0.00	87.5	14.6	14.8	6.1	0.000	2.8800003471	0.8542725003	3.734	0.000
20161023	3.2305111861	1.951	2.0	1.4	0.92	0.92	0.0	0.00	87.3	1.3	10.6	8.3	0.000	2.0644620684	1.1660491177	3.230	0.000
20161024	3.3627671895	1.316	7.1	1.0	1.97	1.97	0.0	0.00	87.9	4.6	9.9	10.2	0.000	1.923387675	1.4393795145	3.363	0.000
20161025	2.7373188251	1.072	0.3	-0.1	1.54	1.54	0.1	1.00	86.3	0.0	5.4	11.9	0.000	1.0583142022	1.6790046229	2.737	0.000
20161026	2.2233606424	0.907	0.0	-0.9	0.00	1.44	0.1	1.00	86.3	0.0	1.7	13.4	0.000	0.334279887	1.8890807553	2.223	0.000
20161027	1.8677436322	0.804	11.2	-0.9	0.00	1.05	5.7	1.00	86.3	0.0	0.0	13.3	0.000	0.000	1.8677436322	1.868	0.000
20161028	2.9126008037	1.843	11.9	1.6	0.00	0.97	4.3	1.00	91.0	8.6	4.4	14.6	0.000	0.8580550795	2.0545457242	2.890	0.023
20161029	4.5838909736	3.742	13.7	3.1	0.00	1.72	0.0	0.00	95.5	13.5	12.1	15.8	0.000	2.3655783502	2.2183126235	4.458	0.126
20161030	3.9205021539	3.149	1.0	3.4	1.04	1.04	0.0	0.00	94.7	0.8	8.0	16.8	0.000	1.558617277	2.361884877	3.813	0.107
20161031	3.2407677030	1.921	1.5	-0.5	1.32	1.32	0.7	1.00	93.4	0.0	3.9	17.7	0.000	0.7530149489	2.4877527542	3.155	0.086
20161101	2.7105727503	1.482	0.0	1.0	0.00	0.84	0.5	1.00	93.4	0.2	0.6	18.5	0.000	0.1124733091	2.5980994412	2.641	0.070
20161102	2.4857385974	1.382	1.0	8.7	0.00	1.50	0.0	0.00	93.8	1.1	0.0	17.7	0.000	0.000	2.4857385974	2.418	0.068
20161103	4.3268931721	3.653	17.5	6.8	1.05	1.05	0.0	0.00	96.3	14.0	8.9	18.5	0.000	1.7305595152	2.5963336568	4.163	0.164
20161104	3.5902150743	2.362	2.5	0.2	1.26	1.26	1.2	1.00	95.0	0.0	4.6	19.1	0.000	0.8969242058	2.6932908684	3.456	0.134
20161105	2.9774944250	1.837	0.5	-0.9	0.00	1.51	1.5	1.00	95.0	0.0	1.0	19.8	0.000	0.199202464	2.778291961	2.869	0.109
20161106	2.8324630404	1.745	2.3	1.1	0.00	1.60	1.0	1.00	95.6	2.2	0.0	20.1	0.000	0.000	2.8324630404	2.725	0.107
20161107	2.5841166845	1.577	0.0	2.0	0.00	1.53	0.0	0.00	95.8	0.8	0.0	18.4	0.000	0.000	2.5841166845	2.484	0.101
20161108	2.2654605865	1.460	0.0	5.9	1.66	1.66	0.0	0.00	94.1	0.0	0.0	16.1	0.000	0.000	2.2654605865	2.177	0.088
20161109	2.0144619620	1.394	0.3	4.0	0.95	0.95	0.0	0.00	93.2	0.2	0.0	14.3	0.000	0.000	2.014461962	1.935	0.079
20161110	1.7660518989	1.322	0.0	1.9	1.35	1.35	0.0	0.00	91.9	0.0	0.0	12.6	0.000	0.000	1.7660518989	1.697	0.069
20161111	2.2408049298	1.636	6.9	1.3	0.94	0.94	0.0	0.00	92.8	5.1	1.4	14.0	0.000	0.2754109901	1.9653939397	2.140	0.101
20161112	1.8973801521	1.396	0.0	-1.5	1.30	1.30	0.0	0.00	91.5	0.0	0.0	13.5	0.000	0.000	1.8973801521	1.813	0.084
20161113	1.6634078398	1.276	0.0	3.8	1.49	1.49	0.0	0.00	90.0	0.0	0.0	11.8	0.000	0.000	1.6634078398	1.589	0.074
20161114	1.4582874384	1.194	0.0	5.9	1.56	1.56	0.0	0.00	88.4	0.0	0.0	10.4	0.000	0.000	1.4582874384	1.393	0.065
20161115	1.7148960542	1.280	5.3	6.7	1.24	1.24	0.0	0.00	89.0	3.5	0.1	12.1	0.000	0.0193151069	1.6955809473	1.634	0.081
20161116	2.1525667691	2.137	7.1	7.0	0.98	0.98	0.0	0.00	90.3	4.8	1.3	13.5	0.000	0.2489537716	1.9036129976	2.049	0.103
20161117	1.8517560372	1.639	0.3	4.5	0.81	0.81	0.0	0.00	89.6	0.2	0.0	13.2	0.000	0.000	1.8517560372	1.763	0.089
20161118	1.6234097876	1.379	0.0	5.8	1.22	1.22	0.0	0.00	88.4	0.0	0.0	11.5	0.000	0.000	1.6234097876	1.546	0.078
20161119	1.4232216802	1.267	0.0	7.1	1.07	1.07	0.0	0.00	87.3	0.0	0.0	10.1	0.000	0.000	1.4232216802	1.355	0.068
20161120	1.2477194399	1.552	13.0	0.6	0.69	0.69	6.5	1.00	86.6	0.0	0.0	8.9	0.000	0.000	1.2477194399	1.188	0.060
20161121	1.0938589696	1.462	4.8	-4.3	0.00	1.25	8.9	1.00	86.6	0.0	0.0	7.8	0.000	0.000	1.0938589696	1.041	0.052
20161122	0.9589715502	1.288	1.0	-4.6	0.00	1.08	9.4	1.00	86.6	0.0	0.0	6.8	0.000	0.000	0.9589715502	0.913	0.046
20161123	0.8407175510	1.220	0.0	-4.0	0.00	0.94	9.4	1.00	86.6	0.0	0.0	6.0	0.000	0.000	0.840717551	0.800	0.040
20161124	0.7370458492	1.206	4.3	-3.0	0.00	0.38	11.5	1.00	86.6	0.0	0.0	5.2	0.000	0.000	0.7370458492	0.702	0.035
20161125	0.6461582527	1.205	2.5	-0.8	0.00	0.52	12.8	1.00	86.6	0.0	0.0	4.6	0.000	0.000	0.6461582527	0.615	0.031
20161126	0.5664783107	1.284	0.8	0.9	0.00	0.48	13.6	1.00	86.6	0.0	0.0	4.0	0.000	0.000	0.5664783107	0.539	0.027
20161127	0.4966239697	1.335	0.3	-2.1	0.00	1.19	13.7	1.00	86.6	0.0	0.0	3.5	0.000	0.000	0.4966239697	0.473	0.024
20161128	0.4353836018	1.177	0.3	-4.0	0.00	1.05	13.9	1.00	86.6	0.0	0.0	3.1	0.000	0.000	0.4353836018	0.415	0.021
20161129	0.3816949892	3.182	19.3	-3.0	0.00	0.29	23.5	1.00	86.6	0.0	0.0	2.7	0.000	0.000	0.3816949892	0.363	0.018
20161130	0.6528584331	4.084	4.1	1.8	0.00	0.22	23.5	1.00	88.2	2.6	0.0	4.6	0.000	0.000	0.6528584331	0.617	0.036
20161201	2.9844068636	7.248	15.5	3.3	0.00	0.65	17.0	1.00	94.6	15.6	10.2	7.0	0.000	1.9949347687	0.9894720949	2.693	0.291
20161202	2.4027732547	4.211	6.1	0.7	0.00	0.72	20.0	1.00	94.6	0.0	5.7	9.1	0.000	1.118196458	1.2845767967	2.170	0.233
20161203	1.9276902552	3.390	7.1	-2.2	0.00	1.31	23.5	1.00	94.6	0.0	2.0	11.0	0.000	0.3843991075	1.5432911477	1.743	0.185
20161204	1.5963218560	2.945	0.0	-5.7	0.00	1.15	23.5	1.00	94.6	0.0	0.0	11.3	0.000	0.000	1.596321856	1.445	0.152
20161205	1.3994740523	2.708	7.1	-6.1	0.00	0.85	27.1	1.00	94.6	0.0	0.0	9.9	0.000	0.000	1.3994740523	1.266	0.133
20161206	1.2269002117	2.507	1.8	-3.1	0.00	0.95	28.0	1.00	94.6	0.0	0.0	8.7	0.000	0.000	1.2269002117	1.110	0.117
20161207	1.0756070303	2.439	2.8	-2.8	0.00	1.20	29.4	1.00	94.6	0.0	0.0	7.6	0.000	0.000	1.0756070303	0.973	0.102
20161208	0.9429703187	2.369	0.8	-2.1	0.00	0.41	29.8	1.00	94.6	0.0	0.0	6.7	0.000	0.000	0.9429703187	0.853	0.090
20161209	0.8266894851	2.236	5.3	-8.1	0.00	0.68	32.4	1.00	94.6	0.0	0.0	5.9	0.000	0.000	0.8266894851	0.748	0.079
20161210	0.7247476311	2.098	0.3	-12.6	0.00	0.74	32.6	1.00	94.6	0.0	0.0	5.2	0.000	0.000	0.7247476311	0.656	0.069
20161211	0.6353765692	2.008	0.5	-11.5	0.00	0.65	32.8	1.00	94.6	0.0	0.0	4.5	0.000	0.000	0.6353765692	0.575	0.060
20161212	0.5570261528	1.916	16.3	-5.5	0.00	0.33	41.0	1.00	94.6	0.0	0.0	4.0	0.000	0.000	0.5570261528	0.504	0.053
20161213	0.4883373890	1.814	0.8	-3.4	0.00	0.88	41.4	1.00	94.6	0.0	0.0	3.5	0.000	0.000	0.488337389	0.442	0.046
20161214	0.4281188672	1.784	1.8	-8.4	0.00	0.64	42.3	1.00	94.6	0.0	0.0	3.0	0.000	0.000	0.4281188672	0.387	0.041
20161215	0.3753260934	1.704	2.3	-16.3	0.00	0.54	43.4	1.00	94.6	0.0	0.0	2.7	0.000	0.000	0.3753260934	0.340	0.036
20161216	0.3290433736	1.639	0.0	-22.0	0.00	0.95	43.4	1.00	94.6	0.0	0.0	2.3	0.000	0.000	0.3290433736	0.298	0.031
20161217	0.2884679312	1.588	8.1	-11.0	0.00	0.60	47.5	1.00	94.6	0.0	0.0	2.1	0.000	0.000	0.2884679312	0.261	0.027
20161218	0.2528959828	5.114	19.8	-6.9	0.00	1.02	57.4	1.00	94.6	0.0	0.0	1.8	0.000	0.000	0.2528959828	0.229	0.024
20161219	0.2217105307	2.712	0.0	-16.7	0.00	0.82	57.4	1.00	94.6	0.0	0.0	1.6	0.000	0.000	0.2217105307	0.201	0.021
20161220	0.1943706613	2.109	0.0	-14.1	0.00	0.36	57.4	1.00	94.6	0.0	0.0	1.4	0.000	0.000	0.1943706613	0.176	0.018
20161221	0.1704021630	1.829	0.0	-5.1	0.00	0.58	57.4	1.00	94.6	0.0	0.0	1.2	0.000	0.000	0.170402163	0.154	0.016
20161222	0.1493893006	1.712	3.0	-2.8	0.00	0.24	58.9	1.00	94.6	0.0	0.0	1.1	0.000	0.000	0.1493893006	0.135	0.014
20161223	0.1309676047	1.629	0.3	-2.2	0.00	1.01	59.0	1.00	94.6	0.0	0.0	0.9	0.000	0.000	0.1309676047	0.119	0.012
20161224	0.1148175500	1.599	3.3	-2.6	0.00	1.04	60.7	1.00	94.6	0.0	0.0	0.8	0.000	0.000	0.11481755	0.104	0.011
20161225	0.1006590127	1.515	1.0	-8.0	0.00	1.27	61.2	1.00	94.6	0.0	0.0	0.7	0.000	0.000	0.1006590127	0.091	0.010
20161226	0.0882464121	1.499	2.3	-8.4	0.00	1.48	62.3	1.00	94.6	0.0	0.0	0.6	0.000	0.000	0.0882464121	0.080	0.008
20161227	0.0773644510	2.544	7.1	0.7	0.00	0.74	65.8	1.00	94.6	0.0	0.0	0.6	0.000	0.000	0.077364451	0.070	0.007
20161228	0.0678243810	1.938	0.5	-6.9	0.00	0.69	66.1	1.00	94.6	0.0	0.0	0.5	0.000	0.000	0.067824381	0.061	0.006
20161229	0.0594607290	1.669	10.2	-5.6	0.00	0.26	71.2	1.00	94.6	0.0	0.0	0.4	0.000	0.000	0.059460729	0.054	0.006
20161230	0.0521284270	1.556	11.7	-7.6	0.00	1.10	77.0	1.00	94.6	0.0	0.0	0.4	0.000	0.000	0.052128427	0.047	0.005
20161231	0.0457002958	1.470	3.8	-11.1	0.00	0.60	78.9	1.00	94.6	0.0	0.0	0.3	0.000	0.000	0.0457002958	0.041	0.004
20170101	0.0400648390	1.400	4.8	-5.6	0.00	0.77	81.3	1.00	94.6	0.0	0.0	0.3	0.000	0.000	0.040064839	0.036	0.004
20170102	0.0351243093	1.375	0.0	-5.1	0.00	0.84	81.3	1.00	94.6	0.0	0.0	0.2	0.000	0.000	0.0351243093	0.032	0.003
20170103	0.0307930129	1.380	3.6	-3.8	0.00	0.53	83.1	1.00	94.6	0.0	0.0	0.2	0.000	0.000	0.0307930129	0.028	0.003
20170104	0.0269958231	1.661	8.1	-2.4	0.00	0.76	87.2	1.00	94.6	0.0	0.0	0.2	0.000	0.000	0.0269958231	0.024	0.003
20170105	0.0236668776	1.519	1.5	-7.9	0.00	1.25	87.9	1.00	94.6	0.0	0.0	0.2	0.000	0.000	0.0236668776	0.021	0.002
20170106	0.0207484355	1.404	0.5	-11.2	0.00	0.64	88.2	1.00	94.6	0.0	0.0	0.1	0.000	0.000	0.0207484355	0.019	0.002
20170107	0.0181898763	1.323	0.0	-13.2	0.00	0.70	88.2	1.00	94.6	0.0	0.0	0.1	0.000	0.000	0.0181898763	0.016	0.002
20170108	0.0159468217	1.271	0.5	-16.6	0.00	0.85	88.4	1.00	94.6	0.0	0.0	0.1	0.000	0.000	0.0159468217	0.014	0.002
20170109	0.0139803656	1.208	0.0	-18.9	0.00	0.59	88.4	1.00	94.6	0.0	0.0	0.1	0.000	0.000	0.0139803656	0.013	0.001
20170110	0.0122563998	1.118	1.5	-9.8	0.00	0.37	89.2	1.00	94.6	0.0	0.0	0.1	0.000	0.000	0.0122563998	0.011	0.001
20170111	0.0370998310	1.084	6.1	2.0	0.00	1.44	95.0	1.00	94.6	0.2	0.0	0.3	0.000	0.000	0.037099831	0.033	0.004
20170112	1.6894673782	2.256	6.4	3.5	0.00	0.35	87.8	1.00	97.2	11.0	6.4	3.2	0.000	1.2398226264	0.4496447519	1.440	0.250
20170113	1.2975130603	3.207	1.8	-5.7	0.00	1.53	88.7	1.00	97.2	0.0	2.5	5.8	0.000	0.4861956858	0.8113173745	1.106	0.192
20170114	1.0190512939	1.876	0.3	-15.0	0.00	0.87	88.8	1.00	97.2	0.0	0.0	7.2	0.000	0.000	1.0190512939	0.869	0.150
20170115	0.8933886599	1.557	0.5	-11.0	0.00	0.73	89.1	1.00	97.2	0.0	0.0	6.4	0.000	0.000	0.8933886599	0.762	0.132
20170116	0.7832219069	1.430	0.0	-8.3	0.00	0.51	89.1	1.00	97.2	0.0	0.0	5.6	0.000	0.000	0.7832219069	0.668	0.116
20170117	0.6866401859	1.395	2.0	-4.8	0.00	1.26	90.1	1.00	97.2	0.0	0.0	4.9	0.000	0.000	0.6866401859	0.585	0.101
20170118	0.6019682809	1.369	4.1	-2.4	0.00	0.40	92.1	1.00	97.2	0.0	0.0	4.3	0.000	0.000	0.6019682809	0.513	0.089
20170119	0.5277375526	1.326	2.0	-1.4	0.00	0.67	93.1	1.00	97.2	0.0	0.0	3.8	0.000	0.000	0.5277375526	0.450	0.078
20170120	0.4626604644	1.265	0.3	-1.5	0.00	0.91	93.3	1.00	97.2	0.0	0.0	3.3	0.000	0.000	0.4626604644	0.394	0.068
20170121	0.4056082503	1.244	0.8	-0.2	0.00	0.90	93.7	1.00	97.2	0.0	0.0	2.9	0.000	0.000	0.4056082503	0.346	0.060
20170122	0.3555913361	1.254	1.3	0.7	0.00	1.01	94.3	1.00	97.2	0.0	0.0	2.5	0.000	0.000	0.3555913361	0.303	0.052
20170123	0.3117421755	1.298	0.8	-2.3	0.00	1.07	94.7	1.00	97.2	0.0	0.0	2.2	0.000	0.000	0.3117421755	0.266	0.046
20170124	0.2733002019	1.567	21.6	-2.0	0.00	0.98	105.5	1.00	97.2	0.0	0.0	1.9	0.000	0.000	0.2733002019	0.233	0.040
20170125	0.2395986371	1.498	0.8	-3.9	0.00	1.19	105.9	1.00	97.2	0.0	0.0	1.7	0.000	0.000	0.2395986371	0.204	0.035
20170126	0.2100529253	1.902	8.1	0.4	0.00	0.78	110.0	1.00	97.2	0.0	0.0	1.5	0.000	0.000	0.2100529253	0.179	0.031
20170127	0.1841505944	1.791	13.7	-3.7	0.00	1.47	116.8	1.00	97.2	0.0	0.0	1.3	0.000	0.000	0.1841505944	0.157	0.027
20170128	0.1614423667	1.569	2.3	-3.5	0.00	1.33	118.0	1.00	97.2	0.0	0.0	1.1	0.000	0.000	0.1614423667	0.138	0.024
20170129	0.1415343669	1.462	2.0	-3.4	0.00	1.00	119.0	1.00	97.2	0.0	0.0	1.0	0.000	0.000	0.1415343669	0.121	0.021
20170130	0.1240812892	1.415	1.5	-11.3	0.00	1.16	119.7	1.00	97.2	0.0	0.0	0.9	0.000	0.000	0.1240812892	0.106	0.018
20170131	0.1087804092	1.349	0.0	-13.2	0.00	0.95	119.7	1.00	97.2	0.0	0.0	0.8	0.000	0.000	0.1087804092	0.093	0.016
20170201	0.0953663320	1.268	2.8	-8.3	0.00	0.76	121.1	1.00	97.2	0.0	0.0	0.7	0.000	0.000	0.095366332	0.081	0.014
20170202	0.0836063896	1.215	1.3	-8.2	0.00	0.85	121.7	1.00	97.2	0.0	0.0	0.6	0.000	0.000	0.0836063896	0.071	0.012
20170203	0.0732966052	1.171	2.8	-9.7	0.00	0.43	123.1	1.00	97.2	0.0	0.0	0.5	0.000	0.000	0.0732966052	0.062	0.011
20170204	0.0642581549	1.123	1.8	-10.3	0.00	0.93	124.0	1.00	97.2	0.0	0.0	0.5	0.000	0.000	0.0642581549	0.055	0.009
20170205	0.0563342662	1.086	1.5	-7.0	0.00	0.87	124.8	1.00	97.2	0.0	0.0	0.4	0.000	0.000	0.0563342662	0.048	0.008
20170206	0.0493874989	1.073	3.8	-9.8	0.00	0.98	126.7	1.00	97.2	0.0	0.0	0.4	0.000	0.000	0.0493874989	0.042	0.007
20170207	0.0432973607	1.058	12.4	-8.4	0.00	0.48	132.9	1.00	97.2	0.0	0.0	0.3	0.000	0.000	0.0432973607	0.037	0.006
20170208	0.0379582179	1.233	6.1	-1.1	0.00	0.79	135.9	1.00	97.2	0.0	0.0	0.3	0.000	0.000	0.0379582179	0.032	0.006
20170209	0.0332774627	1.153	5.6	-13.0	0.00	0.50	138.7	1.00	97.2	0.0	0.0	0.2	0.000	0.000	0.0332774627	0.028	0.005
20170210	0.0291739071	1.103	1.8	-17.8	0.00	0.54	139.6	1.00	97.2	0.0	0.0	0.2	0.000	0.000	0.0291739071	0.025	0.004
20170211	0.0255763747	1.056	1.8	-13.6	0.00	0.30	140.5	1.00	97.2	0.0	0.0	0.2	0.000	0.000	0.0255763747	0.022	0.004
20170212	0.0224224662	1.016	17.0	-10.8	0.00	0.35	149.0	1.00	97.2	0.0	0.0	0.2	0.000	0.000	0.0224224662	0.019	0.003
20170213	0.0196574766	0.999	5.3	-7.2	0.00	0.49	151.7	1.00	97.2	0.0	0.0	0.1	0.000	0.000	0.0196574766	0.017	0.003
20170214	0.0172334472	0.961	5.6	-8.2	0.00	0.67	154.5	1.00	97.2	0.0	0.0	0.1	0.000	0.000	0.0172334472	0.015	0.003
20170215	0.0151083330	0.919	6.1	-4.5	0.00	0.30	157.5	1.00	97.2	0.0	0.0	0.1	0.000	0.000	0.015108333	0.013	0.002
20170216	0.0132452738	0.920	5.3	-6.0	0.00	0.39	160.2	1.00	97.2	0.0	0.0	0.1	0.000	0.000	0.0132452738	0.011	0.002
20170217	0.0116119547	0.919	1.3	-7.1	0.00	1.21	160.8	1.00	97.2	0.0	0.0	0.1	0.000	0.000	0.0116119547	0.010	0.002
20170218	0.0101800456	0.916	0.0	-3.1	0.00	1.16	160.8	1.00	97.2	0.0	0.0	0.1	0.000	0.000	0.0101800456	0.009	0.002
20170219	0.0089247100	1.334	0.0	3.8	0.00	1.58	160.8	1.00	97.2	0.0	0.0	0.1	0.000	0.000	0.00892471	0.008	0.001
20170220	0.0078241741	1.259	0.0	-3.8	0.00	0.87	160.8	1.00	97.2	0.0	0.0	0.1	0.000	0.000	0.0078241741	0.007	0.001
20170221	0.0068593489	1.109	0.3	-4.1	0.00	1.11	161.0	1.00	97.2	0.0	0.0	0.0	0.000	0.000	0.0068593489	0.006	0.001
20170222	0.0060134996	1.144	0.0	4.3	0.00	1.45	161.0	1.00	97.2	0.0	0.0	0.0	0.000	0.000	0.0060134996	0.005	0.001
20170223	2.0868222807	2.027	0.0	6.7	0.00	1.00	145.2	1.00	99.4	13.6	8.5	3.0	0.000	1.6644305004	0.4223917803	1.530	0.557
20170224	2.8638993594	3.357	0.8	3.7	0.00	0.34	137.6	1.00	100.2	7.6	10.7	5.6	0.000	2.0764743011	0.7874250583	2.036	0.828
20170225	7.0827218304	8.691	19.3	5.3	0.00	0.41	125.6	1.00	102.1	29.4	30.7	7.9	0.000	5.9752769723	1.1074448581	4.644	2.439
20170226	5.8375967524	8.663	4.1	-4.7	0.00	1.30	127.7	1.00	102.1	0.0	22.8	9.9	0.000	4.4495948097	1.3880019427	3.830	2.008
20170227	4.8066181884	4.705	0.8	-2.9	0.00	1.37	128.1	1.00	102.1	0.0	16.3	11.6	0.000	3.1726555965	1.6339625919	3.156	1.651
20170228	3.9534979867	3.766	0.3	1.3	0.00	1.26	128.4	1.00	102.1	0.0	10.8	13.1	0.000	2.1039049785	1.8495930083	2.598	1.356
20170301	6.0511966016	7.047	9.1	4.1	0.00	0.66	119.7	1.00	102.7	17.2	20.6	14.5	0.000	4.0125632871	2.0386333146	3.843	2.209
20170302	5.0112388965	9.705	5.8	-3.1	0.00	0.59	122.6	1.00	102.7	0.0	14.4	15.7	0.000	2.80687647	2.2043624265	3.186	1.826
20170303	4.1474163825	5.714	0.0	-11.0	0.00	0.69	122.6	1.00	102.7	0.0	9.2	16.7	0.000	1.797761457	2.3496549255	2.639	1.508
20170304	3.4302006502	4.437	1.8	-16.5	0.00	0.48	123.5	1.00	102.7	0.0	4.9	17.6	0.000	0.9531697311	2.4770309191	2.186	1.245
20170305	2.8349776278	3.799	0.0	-13.3	0.00	0.90	123.5	1.00	102.7	0.0	1.3	18.4	0.000	0.2462778762	2.5886997516	1.809	1.026
20170306	2.4253816744	3.523	0.3	-7.5	0.00	0.94	123.7	1.00	102.7	0.0	0.0	17.2	0.000	0.000	2.4253816744	1.548	0.877
20170307	2.1262997230	3.396	4.3	-1.0	0.00	0.21	125.8	1.00	102.7	0.0	0.0	15.1	0.000	0.000	2.126299723	1.357	0.769
20170308	2.7214713032	4.642	6.4	3.9	0.00	1.15	126.0	1.00	102.9	6.1	2.3	16.2	0.000	0.4402529073	2.2812183959	1.704	1.017
20170309	2.2786103792	3.849	6.1	-3.0	0.00	1.18	129.0	1.00	102.9	0.0	0.0	16.2	0.000	0.000	2.2786103792	1.430	0.849
20170310	1.9976272886	3.300	2.8	-9.0	0.00	0.54	130.4	1.00	102.9	0.0	0.0	14.2	0.000	0.000	1.9976272886	1.253	0.744
20170311	1.7512931656	2.960	0.8	-19.8	0.00	0.70	130.8	1.00	102.9	0.0	0.0	12.5	0.000	0.000	1.7512931656	1.099	0.653
20170312	1.5353353297	2.586	0.0	-16.5	0.00	1.08	130.8	1.00	102.9	0.0	0.0	10.9	0.000	0.000	1.5353353297	0.963	0.572
20170313	1.3460079792	2.328	0.0	-13.2	0.00	1.41	130.8	1.00	102.9	0.0	0.0	9.6	0.000	0.000	1.3460079792	0.844	0.502
20170314	1.1800272194	2.261	34.3	-9.9	0.00	0.45	147.9	1.00	102.9	0.0	0.0	8.4	0.000	0.000	1.1800272194	0.740	0.440
20170315	1.0345141040	2.166	8.9	-9.4	0.00	0.27	152.4	1.00	102.9	0.0	0.0	7.4	0.000	0.000	1.034514104	0.649	0.385
20170316	0.9069446990	2.038	2.8	-9.7	0.00	1.05	153.8	1.00	102.9	0.0	0.0	6.4	0.000	0.000	0.906944699	0.569	0.338
20170317	0.7951063054	1.945	1.5	-8.5	0.00	0.99	154.5	1.00	102.9	0.0	0.0	5.7	0.000	0.000	0.7951063054	0.499	0.296
20170318	0.6970590793	1.869	0.0	-5.7	0.00	0.98	154.5	1.00	102.9	0.0	0.0	5.0	0.000	0.000	0.6970590793	0.437	0.260
20170319	0.6111023856	1.825	0.0	-3.1	0.00	1.17	154.5	1.00	102.9	0.0	0.0	4.3	0.000	0.000	0.6111023856	0.383	0.228
20170320	0.5357453002	1.843	0.0	-0.6	0.00	1.31	154.5	1.00	102.9	0.0	0.0	3.8	0.000	0.000	0.5357453002	0.336	0.200
20170321	0.4696807498	1.806	0.0	0.8	0.00	1.21	154.5	1.00	102.9	0.0	0.0	3.3	0.000	0.000	0.4696807498	0.295	0.175
20170322	0.4117628408	1.687	3.3	-8.8	0.00	1.13	156.2	1.00	102.9	0.0	0.0	2.9	0.000	0.000	0.4117628408	0.258	0.153
20170323	0.3609869834	1.582	0.0	-10.2	0.00	0.99	156.2	1.00	102.9	0.0	0.0	2.6	0.000	0.000	0.3609869834	0.226	0.135
20170324	0.3164724674	1.571	10.4	-6.1	0.00	0.38	161.4	1.00	102.9	0.0	0.0	2.2	0.000	0.000	0.3164724674	0.199	0.118
20170325	0.2774471856	1.515	0.5	-4.5	0.00	0.43	161.6	1.00	102.9	0.0	0.0	2.0	0.000	0.000	0.2774471856	0.174	0.103
20170326	0.2432342423	1.503	0.3	-2.8	0.00	1.24	161.8	1.00	102.9	0.0	0.0	1.7	0.000	0.000	0.2432342423	0.153	0.091
20170327	0.2132402119	1.841	10.4	-0.3	0.00	0.50	167.0	1.00	102.9	0.0	0.0	1.5	0.000	0.000	0.2132402119	0.134	0.079
20170328	0.1869448459	2.141	1.5	2.7	0.00	0.26	168.5	1.00	102.9	0.0	0.0	1.3	0.000	0.000	0.1869448459	0.117	0.070
20170329	0.1638920498	2.051	1.0	-0.3	0.00	0.93	169.0	1.00	102.9	0.0	0.0	1.2	0.000	0.000	0.1638920498	0.103	0.061
20170330	0.1436819713	1.816	0.0	0.7	0.00	1.91	169.0	1.00	102.9	0.0	0.0	1.0	0.000	0.000	0.1436819713	0.090	0.054
20170331	0.1259640653	1.761	11.7	0.3	0.00	1.40	174.8	1.00	102.9	0.0	0.0	0.9	0.000	0.000	0.1259640653	0.079	0.047
20170401	0.1104310138	1.659	16.0	0.7	0.00	0.60	182.8	1.00	102.9	0.0	0.0	0.8	0.000	0.000	0.1104310138	0.069	0.041
20170402	0.0968133950	1.886	0.3	2.6	0.00	0.74	183.1	1.00	102.9	0.0	0.0	0.7	0.000	0.000	0.096813395	0.061	0.036
20170403	0.0848750105	2.019	0.0	2.6	0.00	1.20	183.1	1.00	102.9	0.0	0.0	0.6	0.000	0.000	0.0848750105	0.053	0.032
20170404	1.2976272003	2.412	10.4	1.1	0.00	0.39	185.0	1.00	103.0	8.3	4.1	3.5	0.000	0.8060985866	0.4915286137	0.769	0.529
20170405	1.6122023727	2.592	2.0	1.6	0.00	0.79	183.0	1.00	103.1	3.9	3.9	6.0	0.000	0.7641659759	0.8480363968	0.952	0.660
20170406	4.1066177949	3.849	15.2	1.8	0.00	0.60	180.5	1.00	103.3	17.5	15.1	8.3	0.000	2.9460357858	1.1605820091	2.453	1.654
20170407	5.1406492094	5.213	8.4	1.9	0.00	0.22	177.8	1.00	103.4	11.0	19.0	10.2	0.000	3.7060626361	1.4345865733	3.096	2.044
20170408	4.2251495428	3.902	5.1	-2.4	0.00	0.75	180.3	1.00	103.4	0.0	13.1	11.9	0.000	2.5503468273	1.6748027154	2.544	1.681
20170409	4.1925068864	3.904	0.3	2.7	0.00	1.57	176.2	1.00	103.4	4.4	11.8	13.4	0.000	2.3071098873	1.8853969992	2.530	1.663
20170410	7.5550269832	8.742	0.0	10.1	0.00	1.86	150.9	1.00	103.5	25.2	28.2	14.7	0.000	5.485004788	2.0700221952	4.289	3.266
20170411	15.8008222655	18.395	1.0	11.7	0.00	1.22	121.3	1.00	103.6	30.5	41.7	15.9	4.5604852408	9.0084563858	2.2318806389	8.003	7.798
20170412	14.5046775638	18.372	0.3	5.7	0.00	0.54	108.1	1.00	103.6	13.5	39.7	16.9	3.6821244241	8.4487733648	2.3737797749	7.026	7.479
20170413	12.6710786867	13.782	2.0	4.1	0.00	1.57	99.3	1.00	103.6	10.8	37.0	17.8	2.486173095	7.6867247394	2.4981808524	5.907	6.764
20170414	11.7923263043	13.201	0.3	4.9	0.00	1.95	88.4	1.00	103.6	11.2	35.6	18.5	1.8828143248	7.3022703639	2.6072416156	5.243	6.549
20170415	17.8389405918	15.518	5.6	8.6	0.00	2.10	67.2	1.00	103.6	26.8	43.9	19.2	5.5177015177	9.6183853438	2.7028537302	7.010	10.829
20170416	26.2502306771	26.883	7.9	12.0	0.00	2.40	36.7	1.00	103.6	38.4	55.4	19.8	10.6041401894	12.8594148935	2.7866755942	9.113	17.138
20170417	20.1897780913	21.485	1.3	4.9	0.00	2.57	25.8	1.00	103.6	12.2	46.9	20.3	6.8575152724	10.472101716	2.8601611029	6.848	13.342
20170418	14.8822969500	13.829	0.0	3.8	0.00	2.28	17.9	1.00	103.6	7.9	39.5	20.8	3.5763421565	8.3813699265	2.924584867	4.977	9.905
20170419	16.0884399650	12.714	9.1	4.2	0.00	1.35	8.9	1.00	103.6	18.1	41.0	21.2	4.2785595703	8.828816074	2.9810643206	5.207	10.882
20170420	13.7056771324	11.894	1.8	5.3	0.00	1.83	0.0	0.00	103.6	10.7	37.7	21.5	2.7929182453	7.8821797838	3.0305791033	4.388	9.318
20170421	13.7247961782	12.750	14.0	3.8	1.76	1.76	0.0	0.00	101.9	14.0	37.6	21.9	2.7780819111	7.8727262151	3.073988052	4.557	9.168
20170422	9.2107141678	10.227	3.3	4.1	1.26	1.26	0.0	0.00	100.8	3.2	31.3	22.1	0.000	6.0986700702	3.1120440976	3.136	6.074
20170423	7.7435385098	8.719	0.3	7.7	2.25	2.25	0.0	0.00	98.5	0.3	23.6	22.4	0.000	4.5981311852	3.1454073245	2.646	5.098
20170424	6.4716314372	7.746	0.0	7.9	2.32	2.32	0.0	0.00	96.2	0.0	16.9	22.6	0.000	3.2969750171	3.17465642	2.218	4.254
20170425	5.8492659393	7.046	3.3	7.4	1.46	1.46	0.0	0.00	95.4	2.7	13.6	22.8	0.000	2.6489672278	3.2002987114	2.037	3.813
20170426	5.2531269327	7.088	2.8	11.1	0.33	0.33	0.0	0.00	95.6	2.2	10.4	22.9	0.000	2.0303479669	3.2227789659	1.858	3.395
20170427	4.5207441466	5.852	1.0	14.7	1.39	1.39	0.0	0.00	94.4	0.8	6.6	23.1	0.000	1.2782570419	3.2424871047	1.610	2.911
20170428	3.8411302158	5.034	0.5	16.6	2.27	2.27	0.0	0.00	92.2	0.4	3.0	23.2	0.000	0.581365249	3.2597649668	1.373	2.468
20170429	3.3045872388	4.349	0.8	12.4	2.26	2.26	0.0	0.00	90.2	0.6	0.2	23.3	0.000	0.0296750011	3.2749122377	1.187	2.118
20170430	2.9739313110	3.884	1.0	2.7	2.08	2.08	0.0	0.00	88.4	0.7	0.0	21.1	0.000	0.000	2.973931311	1.075	1.899
20170501	4.6322569896	5.573	18.8	6.2	0.81	0.81	0.0	0.00	93.2	13.2	8.3	21.5	0.000	1.6079313006	3.024325689	2.039	2.593
20170502	5.6691497430	8.210	14.2	7.9	0.46	0.46	0.0	0.00	95.8	11.1	13.4	21.8	0.000	2.6006439758	3.0685057672	2.763	2.906
20170503	5.3026286930	6.038	4.3	3.5	1.36	1.36	0.0	0.00	95.3	3.5	11.3	22.1	0.000	2.1953908413	3.1072378517	2.637	2.665
20170504	4.4271644865	4.732	0.0	8.2	1.64	1.64	0.0	0.00	93.6	0.0	6.6	22.3	0.000	1.2859707335	3.141193753	2.183	2.245
20170505	5.0187850988	5.350	10.4	7.0	0.94	0.94	0.0	0.00	95.0	8.1	9.5	22.5	0.000	1.8478226607	3.1709624381	2.669	2.350
20170506	5.0526171870	5.489	6.6	10.7	1.66	1.66	0.0	0.00	94.6	5.3	9.5	22.7	0.000	1.8555569402	3.1970602468	2.792	2.260
20170507	6.2047921806	5.798	15.0	7.3	1.15	1.15	0.0	0.00	96.3	12.2	15.3	22.9	0.000	2.9848523334	3.2199398472	3.742	2.462
20170508	5.3601666772	6.016	1.3	2.5	0.82	0.82	0.0	0.00	95.8	1.1	10.9	23.0	0.000	2.12016859	3.2399980873	3.233	2.128
20170509	4.6775581963	4.609	1.5	2.6	1.58	1.58	0.0	0.00	94.5	1.2	7.3	23.2	0.000	1.4199753179	3.2575828785	2.826	1.851
20170510	3.9099760167	4.126	0.0	5.0	2.74	2.74	0.0	0.00	91.7	0.0	3.3	23.3	0.000	0.6369767867	3.27299923	2.345	1.565
20170511	3.2726250185	3.709	0.0	8.4	3.02	3.02	0.0	0.00	88.7	0.0	0.0	23.3	0.000	0.000	3.2726250185	1.948	1.325
20170512	2.8690666478	3.391	0.0	11.1	3.24	3.24	0.0	0.00	85.5	0.0	0.0	20.4	0.000	0.000	2.8690666478	1.708	1.161
20170513	2.5370124657	3.144	0.3	11.2	1.57	1.60	0.0	0.00	84.0	0.2	0.0	18.0	0.000	0.000	2.5370124657	1.513	1.024
20170514	3.9038245178	4.331	17.8	6.5	1.83	1.83	0.0	0.00	88.9	11.1	6.5	18.8	0.000	1.2625397454	2.6412847724	2.635	1.269
20170515	4.5193406353	5.810	11.4	9.2	0.95	0.95	0.0	0.00	91.5	7.9	9.2	19.4	0.000	1.7866417242	2.7326989112	3.195	1.324
20170516	3.7567033942	3.745	0.0	13.1	2.19	2.19	0.0	0.00	89.3	0.0	4.8	20.0	0.000	0.9438629284	2.8128404658	2.638	1.119
20170517	3.1215879250	3.165	0.0	18.7	3.44	3.44	0.0	0.00	85.8	0.0	1.2	20.5	0.000	0.2384884286	2.8830994964	2.177	0.945
20170518	2.7005398778	2.805	0.3	23.3	3.97	4.01	0.0	0.00	82.0	0.2	0.0	19.2	0.000	0.000	2.7005398778	1.880	0.821
20170519	2.4518047904	2.636	1.3	12.2	2.27	2.39	0.0	0.00	80.3	0.7	0.0	17.4	0.000	0.000	2.4518047904	1.716	0.736
20170520	2.1494645159	2.418	0.0	9.8	3.14	3.39	0.0	0.00	77.2	0.0	0.0	15.3	0.000	0.000	2.1494645159	1.504	0.645
20170521	1.8844068350	2.219	0.0	11.5	2.55	2.86	0.0	0.00	74.6	0.0	0.0	13.4	0.000	0.000	1.884406835	1.319	0.565
20170522	2.7899897830	3.539	16.5	9.5	1.28	1.40	0.0	0.00	82.1	7.8	3.7	14.7	0.000	0.7208356515	2.0691541315	2.115	0.675
20170523	2.3257618078	2.852	0.5	12.6	3.15	3.32	0.0	0.00	79.2	0.3	0.5	15.9	0.000	0.0946421887	2.2311196191	1.753	0.573
20170524	2.0159048446	2.244	0.0	15.0	1.59	1.74	0.0	0.00	77.6	0.0	0.0	14.3	0.000	0.000	2.0159048446	1.518	0.498
20170525	1.8679864529	2.041	1.8	12.9	2.01	2.24	0.0	0.00	76.5	0.8	0.0	13.3	0.000	0.000	1.8679864529	1.416	0.452
20170526	2.9727638179	3.859	17.8	10.1	2.54	2.73	0.0	0.00	82.8	9.0	4.7	14.6	0.000	0.9180052161	2.0547586018	2.411	0.562
20170527	2.5230533114	2.560	1.0	12.8	2.60	2.72	0.0	0.00	80.6	0.5	1.6	15.8	0.000	0.3045540609	2.2184992504	2.041	0.482
20170528	2.1377228596	2.063	0.0	15.1	3.28	3.53	0.0	0.00	77.4	0.0	0.0	15.2	0.000	0.000	2.1377228596	1.724	0.414
20170529	2.1364395697	2.059	4.6	10.9	1.19	1.31	0.0	0.00	78.6	2.1	0.0	15.2	0.000	0.000	2.1364395697	1.743	0.393
20170530	2.2095442549	2.225	5.6	9.7	1.55	1.68	0.0	0.00	80.0	2.7	0.0	15.7	0.000	0.000	2.2095442549	1.829	0.381
20170531	2.3550277229	2.843	6.6	13.2	2.84	3.02	0.0	0.00	80.3	3.4	0.0	16.7	0.000	0.0008299576	2.3541977653	1.979	0.376
20170601	2.1132988576	2.295	0.8	12.9	4.61	4.97	0.0	0.00	76.1	0.4	0.0	15.0	0.000	0.000	2.1132988576	1.779	0.334
20170602	2.0870804004	2.017	4.3	8.3	3.65	4.09	0.0	0.00	74.9	1.9	0.0	14.8	0.000	0.000	2.0870804004	1.772	0.315
20170603	2.1823283970	2.394	6.6	8.1	2.88	3.26	0.0	0.00	75.7	2.9	0.0	15.5	0.000	0.000	2.182328397	1.876	0.306
20170604	2.6051262261	2.436	10.9	12.4	3.46	3.81	0.0	0.00	78.1	5.1	1.4	16.6	0.000	0.27478824	2.3303379862	2.285	0.320
20170605	2.5758396463	2.575	5.6	10.2	0.71	0.78	0.0	0.00	80.3	2.7	0.6	17.5	0.000	0.1157436299	2.4600960163	2.275	0.301
20170606	3.9147918690	4.855	19.3	8.2	2.84	2.92	0.0	0.00	85.8	11.0	6.9	18.3	0.000	1.3409387205	2.5738531485	3.557	0.357
20170607	3.2927801046	3.138	0.5	13.2	4.01	4.05	0.0	0.00	82.0	0.3	3.2	19.0	0.000	0.6191975976	2.673582507	2.987	0.305
20170608	2.7358694861	2.305	0.0	17.6	5.24	5.54	0.0	0.00	76.7	0.0	0.0	19.5	0.000	0.000	2.7358694861	2.477	0.259
20170609	2.3985002409	2.020	0.0	15.1	2.70	3.05	0.0	0.00	74.0	0.0	0.0	17.1	0.000	0.000	2.3985002409	2.171	0.227
20170610	2.1027331292	1.809	0.0	15.7	3.99	4.67	0.0	0.00	70.0	0.0	0.0	14.9	0.000	0.000	2.1027331292	1.904	0.199
20170611	1.8643606121	1.552	0.5	21.5	3.07	3.80	0.0	0.00	67.3	0.2	0.0	13.3	0.000	0.000	1.8643606121	1.689	0.176
20170612	1.6344600501	1.316	0.0	22.7	3.77	4.86	0.0	0.00	63.5	0.0	0.0	11.6	0.000	0.000	1.6344600501	1.480	0.154
20170613	1.4329092977	1.124	0.0	18.9	3.43	4.68	0.0	0.00	60.1	0.0	0.0	10.2	0.000	0.000	1.4329092977	1.298	0.135
20170614	1.2562124448	1.042	0.0	13.4	4.38	6.32	0.0	0.00	55.7	0.0	0.0	8.9	0.000	0.000	1.2562124448	1.138	0.118
20170615	1.1013046736	0.959	0.0	14.2	3.83	5.96	0.0	0.00	51.9	0.0	0.0	7.8	0.000	0.000	1.1013046736	0.998	0.104
20170616	1.5389653981	2.700	19.8	13.0	2.55	3.72	0.0	0.00	64.8	4.3	0.8	9.8	0.000	0.1563464731	1.382618925	1.425	0.114
20170617	1.3110967546	1.663	0.0	17.6	3.94	5.27	0.0	0.00	60.9	0.0	0.0	9.3	0.000	0.000	1.3110967546	1.213	0.099
20170618	1.1579406283	1.247	0.3	21.3	3.25	4.63	0.0	0.00	57.8	0.1	0.0	8.2	0.000	0.000	1.1579406283	1.071	0.087
20170619	2.0987419890	4.466	24.9	20.5	3.50	4.57	0.0	0.00	71.8	7.5	3.4	10.2	0.000	0.6664710789	1.4322709101	1.992	0.106
20170620	2.6399673518	4.345	14.0	17.0	4.89	5.59	0.0	0.00	75.0	5.9	5.0	11.9	0.000	0.9671947474	1.6727726044	2.528	0.112
20170621	2.1416335211	2.347	0.0	14.6	4.30	4.97	0.0	0.00	70.7	0.0	1.3	13.4	0.000	0.2580162931	1.8836172279	2.048	0.094
20170622	1.8146761025	1.783	0.0	15.9	2.90	3.56	0.0	0.00	67.8	0.0	0.0	12.9	0.000	0.000	1.8146761025	1.734	0.081
20170623	2.9366026505	3.879	22.4	18.1	3.62	4.22	0.0	0.00	77.5	9.1	4.8	14.3	0.000	0.9285805209	2.0080221296	2.842	0.094
20170624	4.7715580630	6.725	26.2	17.1	4.73	4.93	0.0	0.00	84.4	14.5	13.3	15.5	0.000	2.5940320536	2.1775260094	4.660	0.111
20170625	4.7329567423	3.687	8.1	15.4	5.58	5.62	0.0	0.00	82.1	4.8	12.4	16.5	0.000	2.4068289452	2.3261277971	4.629	0.104
20170626	3.9193415607	3.073	0.0	13.5	5.16	5.45	0.0	0.00	77.0	0.0	7.5	17.5	0.000	1.4629365609	2.4564049998	3.831	0.088
20170627	3.7680215890	2.639	6.9	13.7	3.22	3.55	0.0	0.00	77.4	3.2	6.1	18.3	0.000	1.1974043054	2.5706172836	3.688	0.080
20170628	3.2687778162	2.674	2.0	12.3	3.31	3.68	0.0	0.00	75.2	0.9	3.1	19.0	0.000	0.5980321488	2.6707456674	3.199	0.070
20170629	5.5827502930	5.470	32.3	13.3	2.67	2.80	0.0	0.00	87.2	17.6	14.5	19.6	0.000	2.8242234086	2.7585268844	5.501	0.081
20170630	4.8826334081	6.641	2.3	16.7	4.28	4.28	0.0	0.00	83.8	1.4	10.5	20.2	0.000	2.0471499031	2.8354835049	4.812	0.071
20170701	5.4187127641	6.016	13.7	17.6	3.86	3.87	0.0	0.00	85.3	8.3	12.9	20.6	0.000	2.5157624177	2.9029503464	5.350	0.069
20170702	4.5924826679	4.657	0.8	18.5	5.61	5.70	0.0	0.00	80.0	0.5	8.4	21.1	0.000	1.6303850426	2.9620976253	4.533	0.059
20170703	3.9720526487	3.508	1.8	16.1	7.03	7.57	0.0	0.00	73.9	0.9	4.9	21.4	0.000	0.9581013939	3.0139512548	3.921	0.051
20170704	3.3098161338	2.884	0.0	16.0	6.22	7.29	0.0	0.00	67.7	0.0	1.3	21.8	0.000	0.2504054945	3.0594106393	3.266	0.044
20170705	2.8406605612	2.473	0.0	17.1	5.85	7.50	0.0	0.00	61.9	0.0	0.0	20.2	0.000	0.000	2.8406605612	2.803	0.038
20170706	2.4903691770	2.130	0.0	18.8	4.83	6.78	0.0	0.00	57.0	0.0	0.0	17.7	0.000	0.000	2.490369177	2.457	0.033
20170707	2.2785716204	1.977	3.8	18.9	3.11	4.60	0.0	0.00	56.9	0.8	0.0	16.2	0.000	0.000	2.2785716204	2.249	0.030
20170708	2.3182538612	2.504	11.2	17.4	2.70	3.83	0.0	0.00	62.8	2.6	0.0	16.5	0.000	0.000	2.3182538612	2.291	0.028
20170709	2.0634025416	2.159	1.0	16.3	2.89	3.97	0.0	0.00	60.7	0.3	0.0	14.7	0.000	0.000	2.0634025416	2.039	0.024
20170710	1.8089574515	1.702	0.0	17.8	2.73	3.90	0.0	0.00	58.0	0.0	0.0	12.9	0.000	0.000	1.8089574515	1.788	0.021
20170711	1.6498834529	1.526	2.5	19.5	3.68	5.42	0.0	0.00	56.3	0.5	0.0	11.7	0.000	0.000	1.6498834529	1.631	0.019
20170712	1.4693053543	1.457	1.0	18.7	4.31	6.59	0.0	0.00	52.8	0.2	0.0	10.4	0.000	0.000	1.4693053543	1.453	0.017
20170713	1.5605608455	2.601	11.4	14.4	2.71	4.10	0.0	0.00	59.3	2.2	0.0	11.1	0.000	0.000	1.5605608455	1.545	0.016
20170714	1.4886764227	2.126	4.3	13.4	1.19	1.69	0.0	0.00	61.4	1.0	0.0	10.6	0.000	0.000	1.4886764227	1.474	0.014
20170715	1.3196464827	1.834	0.5	17.3	3.52	4.96	0.0	0.00	58.2	0.1	0.0	9.4	0.000	0.000	1.3196464827	1.307	0.012
20170716	1.1770490481	1.358	0.8	18.8	4.13	6.11	0.0	0.00	54.8	0.2	0.0	8.4	0.000	0.000	1.1770490481	1.166	0.011
20170717	1.2985953476	1.675	10.4	19.7	3.17	4.68	0.0	0.00	59.8	2.2	0.0	9.2	0.000	0.000	1.2985953476	1.288	0.010
20170718	1.1520041857	1.485	0.5	19.7	3.63	5.25	0.0	0.00	56.6	0.1	0.0	8.2	0.000	0.000	1.1520041857	1.143	0.009
20170719	1.0169155467	1.077	0.3	20.2	4.07	6.23	0.0	0.00	52.7	0.1	0.0	7.2	0.000	0.000	1.0169155467	1.009	0.008
20170720	0.8972598719	0.887	0.3	19.9	3.68	6.04	0.0	0.00	49.3	0.0	0.0	6.4	0.000	0.000	0.8972598719	0.890	0.007
20170721	0.7866157468	0.718	0.0	19.6	4.05	7.11	0.0	0.00	45.3	0.0	0.0	5.6	0.000	0.000	0.7866157468	0.780	0.006
20170722	0.6933836533	0.594	0.3	18.6	2.99	5.71	0.0	0.00	42.6	0.0	0.0	4.9	0.000	0.000	0.6933836533	0.688	0.005
20170723	0.6110567321	0.516	0.3	16.9	2.68	5.45	0.0	0.00	40.1	0.0	0.0	4.3	0.000	0.000	0.6110567321	0.606	0.005
20170724	0.7455751224	1.085	15.2	12.5	2.38	4.41	0.0	0.00	51.3	1.7	0.0	5.3	0.000	0.000	0.7455751224	0.741	0.005
20170725	0.7092096591	1.404	3.0	13.5	2.66	4.39	0.0	0.00	51.1	0.5	0.0	5.0	0.000	0.000	0.7092096591	0.705	0.004
20170726	0.6305477010	0.819	0.5	15.9	3.40	5.75	0.0	0.00	48.2	0.1	0.0	4.5	0.000	0.000	0.630547701	0.627	0.004
20170727	0.5676999081	0.717	1.0	16.8	2.73	4.87	0.0	0.00	46.3	0.1	0.0	4.0	0.000	0.000	0.5676999081	0.564	0.003
20170728	0.5181306377	0.614	1.5	14.9	3.53	6.51	0.0	0.00	44.1	0.2	0.0	3.7	0.000	0.000	0.5181306377	0.515	0.003
20170729	0.4542382104	0.451	0.0	14.7	2.57	5.05	0.0	0.00	41.6	0.0	0.0	3.2	0.000	0.000	0.4542382104	0.452	0.003
20170730	0.3982245727	0.361	0.0	15.8	3.48	7.27	0.0	0.00	38.1	0.0	0.0	2.8	0.000	0.000	0.3982245727	0.396	0.002
20170731	0.3569130066	0.335	1.0	18.3	1.39	3.12	0.0	0.00	37.6	0.1	0.0	2.5	0.000	0.000	0.3569130066	0.355	0.002
20170801	0.3151639342	0.306	0.3	18.9	1.74	4.00	0.0	0.00	36.2	0.0	0.0	2.2	0.000	0.000	0.3151639342	0.313	0.002
20170802	0.2763000121	0.233	0.0	19.7	1.85	4.43	0.0	0.00	34.3	0.0	0.0	2.0	0.000	0.000	0.2763000121	0.275	0.001
20170803	0.3376348473	0.809	11.2	19.8	2.91	6.39	0.0	0.00	41.8	0.8	0.0	2.4	0.000	0.000	0.3376348473	0.336	0.001
20170804	0.3061033871	0.534	1.0	19.7	2.83	5.81	0.0	0.00	39.9	0.1	0.0	2.2	0.000	0.000	0.3061033871	0.305	0.001
20170805	1.1938568285	3.876	35.6	16.1	2.65	4.22	0.0	0.00	66.4	6.5	2.6	4.9	0.000	0.5083802515	0.685476577	1.192	0.002
20170806	1.0293059618	1.810	2.8	13.7	4.82	6.21	0.0	0.00	63.5	0.8	0.1	7.2	0.000	0.0112379757	1.0180679861	1.028	0.001
20170807	1.0372873895	1.045	4.1	15.1	4.04	5.39	0.0	0.00	62.4	1.1	0.0	7.4	0.000	0.000	1.0372873895	1.036	0.001
20170808	0.9556322985	0.939	1.5	15.0	4.73	6.51	0.0	0.00	58.8	0.4	0.0	6.8	0.000	0.000	0.9556322985	0.954	0.001
20170809	0.8717343930	0.635	1.3	16.1	4.40	6.43	0.0	0.00	55.5	0.3	0.0	6.2	0.000	0.000	0.871734393	0.871	0.001
20170810	0.7752348278	0.474	0.5	18.1	2.62	4.09	0.0	0.00	53.3	0.1	0.0	5.5	0.000	0.000	0.7752348278	0.774	0.001
20170811	0.6855350744	0.411	0.3	18.9	3.25	5.28	0.0	0.00	50.3	0.0	0.0	4.9	0.000	0.000	0.6855350744	0.685	0.001
20170812	0.9064878347	0.846	13.7	18.5	2.12	3.28	0.0	0.00	59.4	2.5	0.0	6.4	0.000	0.000	0.9064878347	0.906	0.001
20170813	0.9097599653	0.794	4.1	16.4	2.34	3.34	0.0	0.00	60.2	0.9	0.0	6.5	0.000	0.000	0.9097599653	0.909	0.001
20170814	0.8113477076	0.488	0.5	16.7	3.05	4.38	0.0	0.00	57.5	0.1	0.0	5.8	0.000	0.000	0.8113477076	0.811	0.001
20170815	1.4224014129	1.252	19.1	17.7	3.32	4.47	0.0	0.00	68.1	5.2	1.5	8.0	0.000	0.2939838877	1.1284175252	1.422	0.001
20170816	1.2141300849	1.054	1.0	13.4	3.21	4.06	0.0	0.00	65.6	0.3	0.0	8.6	0.000	0.000	1.2141300849	1.213	0.001
20170817	1.0644116307	0.559	0.0	14.0	2.83	3.74	0.0	0.00	62.8	0.0	0.0	7.6	0.000	0.000	1.0644116307	1.064	0.001
20170818	1.5415723097	1.676	14.7	15.0	1.93	2.46	0.0	0.00	71.0	4.6	1.0	9.6	0.000	0.1912970227	1.350275287	1.541	0.001
20170819	1.3616546080	1.056	1.3	18.5	4.45	5.41	0.0	0.00	67.4	0.5	0.0	9.7	0.000	0.000	1.361654608	1.361	0.001
20170820	1.2313453091	0.738	1.0	16.9	4.43	5.67	0.0	0.00	63.6	0.3	0.0	8.8	0.000	0.000	1.2313453091	1.231	0.001
20170821	1.0955703726	0.521	0.5	18.8	3.65	4.97	0.0	0.00	60.4	0.1	0.0	7.8	0.000	0.000	1.0955703726	1.095	0.000
20170822	1.1557444325	0.592	6.4	20.2	3.44	4.75	0.0	0.00	61.7	1.6	0.0	8.2	0.000	0.000	1.1557444325	1.155	0.000
20170823	1.0280001017	0.589	0.5	15.4	3.98	5.58	0.0	0.00	58.1	0.1	0.0	7.3	0.000	0.000	1.0280001017	1.028	0.000
20170824	0.9012339602	0.389	0.0	13.8	3.32	4.95	0.0	0.00	54.8	0.0	0.0	6.4	0.000	0.000	0.9012339602	0.901	0.000
20170825	0.7900997770	0.340	0.0	12.4	2.49	3.94	0.0	0.00	52.3	0.0	0.0	5.6	0.000	0.000	0.790099777	0.790	0.000
20170826	0.6926699227	0.309	0.0	12.4	2.56	4.24	0.0	0.00	49.8	0.0	0.0	4.9	0.000	0.000	0.6926699227	0.692	0.000
20170827	0.6072544706	0.263	0.0	13.2	2.92	5.09	0.0	0.00	46.8	0.0	0.0	4.3	0.000	0.000	0.6072544706	0.607	0.000
20170828	0.5323718845	0.216	0.0	13.8	2.93	5.42	0.0	0.00	43.9	0.0	0.0	3.8	0.000	0.000	0.5323718845	0.532	0.000
20170829	0.4667233213	0.198	0.0	13.0	2.06	4.06	0.0	0.00	41.9	0.0	0.0	3.3	0.000	0.000	0.4667233213	0.467	0.000
20170830	0.4091701027	0.178	0.0	13.9	2.32	4.80	0.0	0.00	39.5	0.0	0.0	2.9	0.000	0.000	0.4091701027	0.409	0.000
20170831	0.3587139646	0.172	0.0	11.5	1.49	3.27	0.0	0.00	38.1	0.0	0.0	2.6	0.000	0.000	0.3587139646	0.359	0.000
20170901	0.3144797421	0.174	0.0	7.7	2.58	5.87	0.0	0.00	35.5	0.0	0.0	2.2	0.000	0.000	0.3144797421	0.314	0.000
20170902	0.2757001900	0.145	0.0	10.0	2.29	5.60	0.0	0.00	33.2	0.0	0.0	2.0	0.000	0.000	0.27570019	0.276	0.000
20170903	0.7493916985	1.340	32.0	10.2	1.59	2.92	0.0	0.00	59.7	3.9	0.5	4.7	0.000	0.0905691983	0.6588225002	0.749	0.000
20170904	0.7424144457	1.861	3.8	14.7	3.44	4.88	0.0	0.00	59.1	0.9	0.0	5.3	0.000	0.000	0.7424144457	0.742	0.000
20170905	1.1789793566	2.189	15.0	14.6	2.31	3.10	0.0	0.00	67.8	4.1	0.6	7.6	0.000	0.1109947015	1.0679846551	1.179	0.000
20170906	1.2347192026	1.723	5.6	12.8	1.81	2.26	0.0	0.00	69.7	1.9	0.0	8.8	0.000	0.000	1.2347192026	1.235	0.000
20170907	1.3755457974	1.505	6.6	12.7	2.87	3.47	0.0	0.00	71.1	2.4	0.0	9.8	0.000	0.000	1.3755457974	1.375	0.000
20170908	1.2494732266	1.122	1.0	11.4	2.49	3.03	0.0	0.00	69.2	0.4	0.0	8.9	0.000	0.000	1.2494732266	1.249	0.000
20170909	1.1566950154	0.983	1.5	11.4	3.68	4.57	0.0	0.00	66.5	0.5	0.0	8.2	0.000	0.000	1.1566950154	1.157	0.000
20170910	1.0616139734	0.746	1.3	11.8	2.76	3.57	0.0	0.00	64.7	0.4	0.0	7.5	0.000	0.000	1.0616139734	1.061	0.000
20170911	0.9407912579	0.548	0.3	14.0	3.13	4.19	0.0	0.00	61.8	0.1	0.0	6.7	0.000	0.000	0.9407912579	0.941	0.000
20170912	0.8336638615	0.440	0.3	14.8	3.38	4.74	0.0	0.00	58.6	0.1	0.0	5.9	0.000	0.000	0.8336638615	0.834	0.000
20170913	0.7308619738	0.368	0.0	16.3	3.12	4.62	0.0	0.00	55.5	0.0	0.0	5.2	0.000	0.000	0.7308619738	0.731	0.000
20170914	0.6407369317	0.350	0.0	16.5	1.82	2.84	0.0	0.00	53.7	0.0	0.0	4.6	0.000	0.000	0.6407369317	0.641	0.000
20170915	0.5617255110	0.308	0.0	19.5	2.42	3.90	0.0	0.00	51.3	0.0	0.0	4.0	0.000	0.000	0.561725511	0.562	0.000
20170916	0.4924572537	0.275	0.0	19.2	2.46	4.17	0.0	0.00	48.8	0.0	0.0	3.5	0.000	0.000	0.4924572537	0.492	0.000
20170917	0.4317306975	0.257	0.0	18.3	2.28	4.05	0.0	0.00	46.5	0.0	0.0	3.1	0.000	0.000	0.4317306975	0.432	0.000
20170918	0.3784925368	0.236	0.0	19.6	1.34	2.50	0.0	0.00	45.2	0.0	0.0	2.7	0.000	0.000	0.3784925368	0.378	0.000
20170919	0.3318193522	0.217	0.0	18.2	0.86	1.65	0.0	0.00	44.3	0.0	0.0	2.4	0.000	0.000	0.3318193522	0.332	0.000
20170920	0.2909015946	0.201	0.0	18.3	2.08	4.07	0.0	0.00	42.3	0.0	0.0	2.1	0.000	0.000	0.2909015946	0.291	0.000
20170921	0.2581450229	0.166	0.3	17.6	2.43	4.97	0.0	0.00	40.1	0.0	0.0	1.8	0.000	0.000	0.2581450229	0.258	0.000
20170922	0.2263122941	0.131	0.0	16.6	1.91	4.13	0.0	0.00	38.2	0.0	0.0	1.6	0.000	0.000	0.2263122941	0.226	0.000
20170923	0.1984049658	0.125	0.0	17.7	1.59	3.62	0.0	0.00	36.6	0.0	0.0	1.4	0.000	0.000	0.1984049658	0.198	0.000
20170924	0.1739389838	0.118	0.0	21.6	1.74	4.12	0.0	0.00	34.9	0.0	0.0	1.2	0.000	0.000	0.1739389838	0.174	0.000
20170925	0.1524899842	0.119	0.0	22.5	1.84	4.57	0.0	0.00	33.0	0.0	0.0	1.1	0.000	0.000	0.1524899842	0.152	0.000
20170926	0.1336859326	0.147	0.0	22.2	1.49	3.92	0.0	0.00	31.5	0.0	0.0	1.0	0.000	0.000	0.1336859326	0.134	0.000
20170927	0.1268637513	0.121	2.0	22.1	1.42	3.79	0.0	0.00	32.0	0.1	0.0	0.9	0.000	0.000	0.1268637513	0.127	0.000
20170928	0.1186812976	0.141	1.5	13.0	1.68	4.44	0.0	0.00	31.8	0.1	0.0	0.8	0.000	0.000	0.1186812976	0.119	0.000
20170929	0.1040463086	0.133	0.0	8.1	1.55	4.22	0.0	0.00	30.2	0.0	0.0	0.7	0.000	0.000	0.1040463086	0.104	0.000
20170930	0.0924548836	0.147	0.3	6.8	0.64	1.84	0.0	0.00	29.9	0.0	0.0	0.7	0.000	0.000	0.0924548836	0.092	0.000
