Date	Qsim	Qobs	Precipitation	Temperature	AET	PET	Snow	Snowcover	SM	Recharge	SUZ	SLZ	Q0	Q1	Q2	Qsim_rain	Qsim_snow
20151001	1.4825816908	1.116	0.0	7.9	1.96	2.27	0.0	0.00	102.5	0.0	2.6	8.9	0.000	0.3930234044	1.0895582864	1.481	0.001
20151002	1.2543261172	0.592	0.0	5.9	1.43	1.68	0.0	0.00	101.1	0.0	0.0	10.3	0.000	0.000	1.2543261172	1.253	0.001
20151003	1.1179413118	0.452	0.0	6.2	1.60	1.91	0.0	0.00	99.5	0.0	0.0	9.2	0.000	0.000	1.1179413118	1.117	0.001
20151004	0.9963858358	0.376	0.0	6.4	1.57	1.90	0.0	0.00	97.9	0.0	0.0	8.2	0.000	0.000	0.9963858358	0.996	0.001
20151005	0.8880472734	0.340	0.0	7.3	1.86	2.30	0.0	0.00	96.1	0.0	0.0	7.3	0.000	0.000	0.8880472734	0.887	0.001
20151006	0.7947364571	0.319	0.1	8.6	2.21	2.77	0.0	0.00	94.0	0.0	0.0	6.5	0.000	0.000	0.7947364571	0.794	0.001
20151007	0.7083235414	0.314	0.0	10.8	1.59	2.04	0.0	0.00	92.4	0.0	0.0	5.8	0.000	0.000	0.7083235414	0.708	0.001
20151008	0.6313064348	0.308	0.0	7.1	1.37	1.80	0.0	0.00	91.0	0.0	0.0	5.2	0.000	0.000	0.6313064348	0.631	0.001
20151009	1.1662032595	1.196	17.1	7.1	0.96	1.19	0.0	0.00	101.9	5.2	1.4	7.8	0.000	0.2166835484	0.9495197111	1.165	0.001
20151010	1.0137978624	0.728	0.3	4.9	1.75	2.07	0.0	0.00	100.4	0.1	0.0	8.3	0.000	0.000	1.0137978624	1.013	0.001
20151011	0.9035660636	0.533	0.0	9.3	1.80	2.16	0.0	0.00	98.6	0.0	0.0	7.4	0.000	0.000	0.9035660636	0.903	0.001
20151012	0.8053199377	0.467	0.0	13.4	1.91	2.34	0.0	0.00	96.7	0.0	0.0	6.6	0.000	0.000	0.8053199377	0.805	0.001
20151013	0.8889473594	0.469	5.0	13.2	1.29	1.58	0.0	0.00	98.8	1.6	0.0	7.3	0.000	0.000	0.8889473594	0.888	0.001
20151014	0.9695031724	0.666	4.9	6.0	1.45	1.74	0.0	0.00	100.6	1.6	0.0	7.9	0.000	0.000	0.9695031724	0.969	0.001
20151015	0.8640876033	0.539	0.0	6.4	1.80	2.16	0.0	0.00	98.8	0.0	0.0	7.1	0.000	0.000	0.8640876033	0.864	0.001
20151016	0.8478921445	0.553	2.2	4.2	1.74	2.11	0.0	0.00	98.6	0.7	0.0	7.0	0.000	0.000	0.8478921445	0.847	0.000
20151017	0.7556995292	0.594	7.2	-0.6	1.87	2.30	4.1	1.00	96.7	0.0	0.0	6.2	0.000	0.000	0.7556995292	0.755	0.000
20151018	0.6735311587	0.564	0.8	-3.3	0.00	1.09	4.6	1.00	96.7	0.0	0.0	5.5	0.000	0.000	0.6735311587	0.673	0.000
20151019	0.6002970812	0.516	0.8	-2.3	0.00	2.01	5.0	1.00	96.7	0.0	0.0	4.9	0.000	0.000	0.6002970812	0.600	0.000
20151020	0.7220742866	0.569	0.4	7.1	0.00	1.33	0.0	0.00	100.4	1.7	0.0	5.9	0.000	0.000	0.7220742866	0.712	0.010
20151021	0.6763491006	0.528	0.9	9.6	1.12	1.34	0.0	0.00	99.9	0.3	0.0	5.5	0.000	0.000	0.6763491006	0.666	0.010
20151022	0.6387464259	0.495	1.0	10.5	0.93	1.12	0.0	0.00	99.6	0.3	0.0	5.2	0.000	0.000	0.6387464259	0.628	0.011
20151023	0.5800016745	0.459	0.3	1.8	0.76	0.92	0.0	0.00	99.1	0.1	0.0	4.8	0.000	0.000	0.5800016745	0.570	0.010
20151024	0.5169372015	0.416	0.0	1.6	1.61	1.97	0.0	0.00	97.4	0.0	0.0	4.2	0.000	0.000	0.5169372015	0.508	0.009
20151025	0.5921656154	0.519	3.8	6.4	1.26	1.54	0.0	0.00	98.8	1.2	0.0	4.9	0.000	0.000	0.5921656154	0.578	0.014
20151026	0.5557098054	0.476	0.8	1.8	1.18	1.44	0.0	0.00	98.1	0.3	0.0	4.6	0.000	0.000	0.5557098054	0.542	0.014
20151027	0.4952866247	0.432	0.0	2.4	0.85	1.05	0.0	0.00	97.3	0.0	0.0	4.1	0.000	0.000	0.4952866247	0.483	0.012
20151028	1.2068888095	0.944	18.0	3.1	0.83	0.97	0.0	0.00	108.0	6.4	2.5	6.8	0.000	0.3785992656	0.8282895438	1.166	0.041
20151029	1.9884185979	3.926	16.9	10.5	1.61	1.72	0.0	0.00	115.7	7.6	5.7	9.2	0.000	0.8633340538	1.1250845441	1.921	0.067
20151030	1.7690870790	1.432	1.5	1.2	1.00	1.04	0.0	0.00	115.4	0.7	2.5	11.4	0.000	0.3794785109	1.3896085681	1.709	0.060
20151031	1.5119901758	1.030	0.0	1.8	1.27	1.32	0.0	0.00	114.2	0.0	0.0	12.4	0.000	0.000	1.5119901758	1.461	0.051
20151101	1.3934709430	0.931	0.9	5.2	0.80	0.84	0.0	0.00	113.9	0.4	0.0	11.4	0.000	0.000	1.393470943	1.346	0.047
20151102	1.2672603320	0.828	0.5	5.7	1.42	1.50	0.0	0.00	112.7	0.2	0.0	10.4	0.000	0.000	1.267260332	1.224	0.043
20151103	1.1343972516	0.793	0.1	8.2	0.98	1.05	0.0	0.00	111.8	0.0	0.0	9.3	0.000	0.000	1.1343972516	1.096	0.038
20151104	1.0110524960	0.746	0.0	7.5	1.16	1.26	0.0	0.00	110.6	0.0	0.0	8.3	0.000	0.000	1.011052496	0.977	0.034
20151105	0.9011192051	0.736	0.0	11.9	1.38	1.51	0.0	0.00	109.2	0.0	0.0	7.4	0.000	0.000	0.9011192051	0.871	0.030
20151106	0.8076809169	0.721	0.1	14.4	1.44	1.60	0.0	0.00	107.9	0.0	0.0	6.6	0.000	0.000	0.8076809169	0.780	0.027
20151107	0.7905259801	0.692	1.6	6.7	1.37	1.53	0.0	0.00	107.4	0.6	0.0	6.5	0.000	0.000	0.7905259801	0.764	0.027
20151108	0.7306571902	0.691	0.6	1.1	1.48	1.66	0.0	0.00	106.3	0.2	0.0	6.0	0.000	0.000	0.7306571902	0.706	0.025
20151109	0.6512117116	0.660	0.0	3.9	0.84	0.95	0.0	0.00	105.5	0.0	0.0	5.3	0.000	0.000	0.6512117116	0.629	0.022
20151110	0.5804044620	0.636	0.0	5.1	1.18	1.35	0.0	0.00	104.3	0.0	0.0	4.8	0.000	0.000	0.580404462	0.561	0.019
20151111	0.5374132869	0.642	0.5	6.2	0.81	0.94	0.0	0.00	103.8	0.2	0.0	4.4	0.000	0.000	0.5374132869	0.519	0.018
20151112	0.9021447716	0.860	9.8	5.4	1.15	1.30	0.0	0.00	108.6	3.8	0.2	7.1	0.000	0.0363090622	0.8658357094	0.874	0.029
20151113	1.4087624071	1.728	11.8	3.6	1.38	1.49	0.0	0.00	113.8	5.2	1.7	9.5	0.000	0.2502141497	1.1585482574	1.367	0.041
20151114	1.2128974472	1.754	4.9	-1.4	1.47	1.56	2.8	1.00	112.3	0.0	0.0	9.9	0.000	0.000	1.2128974472	1.177	0.036
20151115	1.0810172447	1.139	0.2	0.3	0.00	1.24	2.9	1.00	112.3	0.0	0.0	8.9	0.000	0.000	1.0810172447	1.049	0.032
20151116	0.9634765793	1.105	1.0	0.3	0.00	0.98	3.5	1.00	112.3	0.0	0.0	7.9	0.000	0.000	0.9634765793	0.935	0.028
20151117	0.8587162909	0.978	0.0	-0.8	0.00	0.81	3.5	1.00	112.3	0.0	0.0	7.0	0.000	0.000	0.8587162909	0.833	0.025
20151118	0.7653467496	0.876	0.0	0.7	0.00	1.22	3.5	1.00	112.3	0.0	0.0	6.3	0.000	0.000	0.7653467496	0.743	0.023
20151119	1.2049445374	0.909	6.2	5.3	0.00	1.07	0.0	0.00	117.4	4.6	0.9	8.8	0.000	0.1359589209	1.0689856166	1.157	0.048
20151120	1.5192961560	2.448	7.7	2.6	0.68	0.69	0.0	0.00	120.4	4.0	1.2	11.0	0.000	0.1796867928	1.3396093632	1.455	0.065
20151121	1.3234450888	1.382	0.0	-0.1	1.24	1.25	0.0	0.00	119.2	0.0	0.0	10.8	0.000	0.000	1.3234450888	1.267	0.056
20151122	1.1909468367	1.177	0.2	2.4	1.06	1.08	0.0	0.00	118.2	0.1	0.0	9.8	0.000	0.000	1.1909468367	1.140	0.051
20151123	1.0614533579	1.032	1.6	-5.1	0.92	0.94	0.9	1.00	117.3	0.0	0.0	8.7	0.000	0.000	1.0614533579	1.016	0.045
20151124	0.9460399039	0.903	0.0	-7.0	0.00	0.38	0.9	1.00	117.3	0.0	0.0	7.8	0.000	0.000	0.9460399039	0.906	0.040
20151125	0.8431755320	0.904	0.0	-3.3	0.00	0.52	0.9	1.00	117.3	0.0	0.0	6.9	0.000	0.000	0.843175532	0.807	0.036
20151126	0.8015524067	0.903	0.0	1.1	0.00	0.48	0.0	0.00	117.7	0.5	0.0	6.6	0.000	0.000	0.8015524067	0.767	0.035
20151127	0.7641133219	0.918	0.9	5.7	1.17	1.19	0.0	0.00	117.0	0.5	0.0	6.3	0.000	0.000	0.7641133219	0.730	0.034
20151128	0.6810301067	1.010	1.2	0.3	1.02	1.05	0.7	1.00	116.0	0.0	0.0	5.6	0.000	0.000	0.6810301067	0.651	0.030
20151129	0.6069806571	0.903	0.6	-5.4	0.00	0.29	1.0	1.00	116.0	0.0	0.0	5.0	0.000	0.000	0.6069806571	0.580	0.027
20151130	0.5409827180	0.793	0.1	-6.7	0.00	0.22	1.1	1.00	116.0	0.0	0.0	4.4	0.000	0.000	0.540982718	0.517	0.024
20151201	0.4821608361	0.886	8.2	-4.3	0.00	0.65	5.8	1.00	116.0	0.0	0.0	4.0	0.000	0.000	0.4821608361	0.461	0.021
20151202	1.9012459512	3.150	19.8	1.5	0.00	0.72	3.9	1.00	125.9	11.8	7.2	6.7	0.000	1.0846550088	0.8165909424	1.788	0.113
20151203	2.4759559313	2.823	9.4	1.1	0.00	1.31	2.5	1.00	129.9	6.8	9.0	9.1	0.000	1.3612979817	1.1146579496	2.322	0.154
20151204	2.0967183725	1.756	3.3	-0.6	0.00	1.15	4.4	1.00	129.9	0.0	4.7	11.3	0.000	0.7164026992	1.3803156733	1.967	0.130
20151205	1.7731396542	1.641	0.8	0.4	0.00	0.85	4.9	1.00	129.9	0.0	1.0	13.3	0.000	0.1560516296	1.6170880246	1.664	0.109
20151206	1.5537200965	1.519	0.0	-0.1	0.00	0.95	4.9	1.00	129.9	0.0	0.0	12.7	0.000	0.000	1.5537200965	1.458	0.096
20151207	1.3847817239	1.415	0.0	-0.7	0.00	1.20	4.9	1.00	129.9	0.0	0.0	11.4	0.000	0.000	1.3847817239	1.299	0.085
20151208	1.2342122801	1.357	0.5	-2.1	0.00	0.41	5.2	1.00	129.9	0.0	0.0	10.1	0.000	0.000	1.2342122801	1.158	0.076
20151209	1.1000144831	1.346	0.0	0.4	0.00	0.68	5.2	1.00	129.9	0.0	0.0	9.0	0.000	0.000	1.1000144831	1.032	0.068
20151210	1.3544403817	1.485	0.0	4.2	0.00	0.74	0.0	0.00	131.6	3.4	0.0	11.1	0.000	0.000	1.3544403817	1.255	0.099
20151211	1.2071699986	1.555	0.0	5.2	0.65	0.65	0.0	0.00	130.9	0.0	0.0	9.9	0.000	0.000	1.2071699986	1.119	0.088
20151212	1.0977833401	1.411	0.3	3.6	0.33	0.33	0.0	0.00	130.7	0.2	0.0	9.0	0.000	0.000	1.0977833401	1.017	0.081
20151213	1.0001909479	1.283	0.3	1.4	0.88	0.88	0.0	0.00	129.9	0.2	0.0	8.2	0.000	0.000	1.0001909479	0.926	0.074
20151214	0.9988588666	1.250	1.5	3.7	0.64	0.64	0.0	0.00	129.8	1.0	0.0	8.2	0.000	0.000	0.9988588666	0.922	0.077
20151215	1.7327559218	2.227	10.4	3.7	0.54	0.54	0.0	0.00	132.6	7.0	3.0	10.5	0.000	0.4556483193	1.2771076024	1.584	0.148
20151216	1.4666143274	1.702	0.8	-1.5	0.95	0.95	0.5	1.00	131.7	0.0	0.0	12.0	0.000	0.000	1.4666143274	1.342	0.125
20151217	1.7489059300	1.604	5.3	2.1	0.00	0.60	0.0	0.00	133.5	4.0	0.4	13.9	0.000	0.0549026365	1.6940032935	1.596	0.153
20151218	1.6876666726	2.089	1.8	1.3	1.02	1.02	0.0	0.00	133.0	1.3	0.0	13.8	0.000	0.000	1.6876666726	1.540	0.148
20151219	1.5041640830	1.610	5.8	-4.2	0.82	0.82	3.3	1.00	132.1	0.0	0.0	12.3	0.000	0.000	1.504164083	1.372	0.132
20151220	1.3406140119	1.473	0.5	-6.5	0.00	0.36	3.6	1.00	132.1	0.0	0.0	11.0	0.000	0.000	1.3406140119	1.223	0.118
20151221	1.1948469912	1.446	1.3	-3.4	0.00	0.58	4.3	1.00	132.1	0.0	0.0	9.8	0.000	0.000	1.1948469912	1.090	0.105
20151222	3.3859252525	4.738	20.6	2.7	0.00	0.24	0.0	0.00	138.8	18.3	12.8	11.9	0.000	1.9341396153	1.4517856372	3.048	0.338
20151223	3.7146689405	3.627	7.9	4.8	1.01	1.01	0.0	0.00	139.4	6.3	13.5	13.8	0.000	2.0338819909	1.6807869495	3.345	0.370
20151224	4.1428665330	5.496	9.1	7.1	1.04	1.04	0.0	0.00	140.2	7.3	15.0	15.5	0.000	2.2579779355	1.8848885975	3.736	0.407
20151225	3.5623280381	3.355	0.0	3.7	1.27	1.27	0.0	0.00	138.9	0.0	9.9	16.9	0.000	1.4955300784	2.0667979597	3.213	0.350
20151226	3.0619653301	2.822	0.0	-0.1	1.48	1.48	0.0	0.00	137.4	0.0	5.5	18.3	0.000	0.8330372925	2.2289280376	2.762	0.300
20151227	2.6308251727	4.305	11.7	-1.5	0.74	0.74	6.7	1.00	136.7	0.0	1.7	19.5	0.000	0.2573957096	2.373429463	2.373	0.258
20151228	2.3008582332	3.357	1.8	-8.5	0.00	0.69	7.7	1.00	136.7	0.0	0.0	18.9	0.000	0.000	2.3008582332	2.075	0.225
20151229	2.0506823834	3.062	26.9	-8.4	0.00	0.26	23.1	1.00	136.7	0.0	0.0	16.8	0.000	0.000	2.0506823834	1.850	0.201
20151230	1.8277085380	2.735	3.3	-4.0	0.00	1.10	25.0	1.00	136.7	0.0	0.0	15.0	0.000	0.000	1.827708538	1.649	0.179
20151231	1.6289789813	2.643	3.3	-1.4	0.00	0.60	26.9	1.00	136.7	0.0	0.0	13.4	0.000	0.000	1.6289789813	1.469	0.160
20160101	1.4518575946	2.500	2.8	-3.1	0.00	0.77	28.5	1.00	136.7	0.0	0.0	11.9	0.000	0.000	1.4518575946	1.310	0.142
20160102	1.2939948883	2.339	0.8	-4.5	0.00	0.84	28.9	1.00	136.7	0.0	0.0	10.6	0.000	0.000	1.2939948883	1.167	0.127
20160103	1.1532968365	2.225	1.8	-5.0	0.00	0.53	30.0	1.00	136.7	0.0	0.0	9.5	0.000	0.000	1.1532968365	1.040	0.113
20160104	1.0278971000	2.115	1.0	-13.8	0.00	0.76	30.6	1.00	136.7	0.0	0.0	8.4	0.000	0.000	1.0278971	0.927	0.101
20160105	0.9161322695	2.022	0.3	-17.5	0.00	1.25	30.7	1.00	136.7	0.0	0.0	7.5	0.000	0.000	0.9161322695	0.826	0.090
20160106	0.8165198006	1.919	0.0	-10.3	0.00	0.64	30.7	1.00	136.7	0.0	0.0	6.7	0.000	0.000	0.8165198006	0.737	0.080
20160107	0.7277383485	1.800	0.0	-5.6	0.00	0.70	30.7	1.00	136.7	0.0	0.0	6.0	0.000	0.000	0.7277383485	0.656	0.071
20160108	0.6486102401	1.753	0.0	-5.2	0.00	0.85	30.7	1.00	136.7	0.0	0.0	5.3	0.000	0.000	0.6486102401	0.585	0.064
20160109	0.5780858524	1.727	0.0	-0.6	0.00	0.59	30.7	1.00	136.7	0.0	0.0	4.7	0.000	0.000	0.5780858524	0.521	0.057
20160110	3.8262041559	6.849	31.5	2.0	0.00	0.37	29.9	1.00	143.1	25.9	19.4	7.4	0.000	2.9241182715	0.9020858844	3.461	0.365
20160111	3.2651979216	5.554	1.8	-5.9	0.00	1.44	30.9	1.00	143.1	0.0	13.7	9.8	0.000	2.0743410264	1.1908568952	2.954	0.312
20160112	2.7841969147	3.136	0.3	-7.2	0.00	0.35	31.1	1.00	143.1	0.0	8.9	11.9	0.000	1.3359675243	1.4482293904	2.518	0.266
20160113	2.3720103826	2.619	3.3	-13.2	0.00	1.53	33.0	1.00	143.1	0.0	4.6	13.8	0.000	0.6943930036	1.677617379	2.146	0.226
20160114	2.0189910110	2.367	0.5	-13.2	0.00	0.87	33.3	1.00	143.1	0.0	0.9	15.4	0.000	0.1369273519	1.8820636592	1.826	0.193
20160115	1.7761023761	2.206	0.0	-9.7	0.00	0.73	33.3	1.00	143.1	0.0	0.0	14.6	0.000	0.000	1.7761023761	1.606	0.170
20160116	1.5829840367	2.124	4.6	-2.6	0.00	0.51	35.9	1.00	143.1	0.0	0.0	13.0	0.000	0.000	1.5829840367	1.432	0.151
20160117	1.4108637509	2.016	0.3	-7.1	0.00	1.26	36.1	1.00	143.1	0.0	0.0	11.6	0.000	0.000	1.4108637509	1.276	0.135
20160118	1.2574583682	1.878	5.3	-11.7	0.00	0.40	39.1	1.00	143.1	0.0	0.0	10.3	0.000	0.000	1.2574583682	1.137	0.120
20160119	1.1207329884	1.765	2.0	-15.4	0.00	0.67	40.3	1.00	143.1	0.0	0.0	9.2	0.000	0.000	1.1207329884	1.014	0.107
20160120	0.9988739691	1.637	1.3	-12.0	0.00	0.91	41.0	1.00	143.1	0.0	0.0	8.2	0.000	0.000	0.9988739691	0.903	0.095
20160121	0.8902648682	1.556	0.8	-13.8	0.00	0.90	41.5	1.00	143.1	0.0	0.0	7.3	0.000	0.000	0.8902648682	0.805	0.085
20160122	0.7934650016	1.458	0.0	-11.8	0.00	1.01	41.5	1.00	143.1	0.0	0.0	6.5	0.000	0.000	0.7934650016	0.718	0.076
20160123	0.7071903332	1.383	0.0	-11.0	0.00	1.07	41.5	1.00	143.1	0.0	0.0	5.8	0.000	0.000	0.7071903332	0.640	0.068
20160124	0.6302964420	1.268	0.0	-10.1	0.00	0.98	41.5	1.00	143.1	0.0	0.0	5.2	0.000	0.000	0.630296442	0.570	0.060
20160125	0.5617633418	1.172	0.0	-6.0	0.00	1.19	41.5	1.00	143.1	0.0	0.0	4.6	0.000	0.000	0.5617633418	0.508	0.054
20160126	0.5006819507	1.156	1.8	-1.8	0.00	0.78	42.5	1.00	143.1	0.0	0.0	4.1	0.000	0.000	0.5006819507	0.453	0.048
20160127	0.4462420332	1.149	0.8	-5.7	0.00	1.47	42.9	1.00	143.1	0.0	0.0	3.7	0.000	0.000	0.4462420332	0.404	0.043
20160128	0.3977214515	1.122	0.3	-6.9	0.00	1.33	43.1	1.00	143.1	0.0	0.0	3.3	0.000	0.000	0.3977214515	0.360	0.038
20160129	0.3544765872	1.065	0.0	-3.2	0.00	1.00	43.1	1.00	143.1	0.0	0.0	2.9	0.000	0.000	0.3544765872	0.321	0.034
20160130	0.3159338034	1.028	0.0	-4.9	0.00	1.16	43.1	1.00	143.1	0.0	0.0	2.6	0.000	0.000	0.3159338034	0.286	0.030
20160131	0.2815818357	0.987	0.0	-0.2	0.00	0.95	43.1	1.00	143.1	0.0	0.0	2.3	0.000	0.000	0.2815818357	0.255	0.027
20160201	0.2509650102	1.314	0.0	2.1	0.00	0.76	43.1	1.00	143.1	0.0	0.0	2.1	0.000	0.000	0.2509650102	0.227	0.024
20160202	0.2236771991	1.256	0.0	-3.8	0.00	0.85	43.1	1.00	143.1	0.0	0.0	1.8	0.000	0.000	0.2236771991	0.202	0.021
20160203	0.1993564337	1.980	11.4	-1.8	0.00	0.43	49.6	1.00	143.1	0.0	0.0	1.6	0.000	0.000	0.1993564337	0.180	0.019
20160204	0.2128914248	2.251	0.5	1.2	0.00	0.93	49.8	1.00	143.2	0.3	0.0	1.7	0.000	0.000	0.2128914248	0.193	0.020
20160205	0.1897434132	1.600	0.3	-5.4	0.00	0.87	49.9	1.00	143.2	0.0	0.0	1.6	0.000	0.000	0.1897434132	0.172	0.018
20160206	0.1691123204	1.293	0.0	-5.5	0.00	0.98	49.9	1.00	143.2	0.0	0.0	1.4	0.000	0.000	0.1691123204	0.153	0.016
20160207	0.1507244780	1.158	0.0	-3.7	0.00	0.48	49.9	1.00	143.2	0.0	0.0	1.2	0.000	0.000	0.150724478	0.136	0.014
20160208	0.1343359740	1.029	1.5	-7.1	0.00	0.79	50.8	1.00	143.2	0.0	0.0	1.1	0.000	0.000	0.134335974	0.121	0.013
20160209	0.1197294172	0.916	3.3	-6.8	0.00	0.50	52.7	1.00	143.2	0.0	0.0	1.0	0.000	0.000	0.1197294172	0.108	0.011
20160210	0.1067110538	0.894	1.0	-4.8	0.00	0.54	53.2	1.00	143.2	0.0	0.0	0.9	0.000	0.000	0.1067110538	0.096	0.010
20160211	0.0951081970	0.871	1.0	-14.5	0.00	0.30	53.8	1.00	143.2	0.0	0.0	0.8	0.000	0.000	0.095108197	0.086	0.009
20160212	0.0847669367	0.845	0.0	-16.6	0.00	0.35	53.8	1.00	143.2	0.0	0.0	0.7	0.000	0.000	0.0847669367	0.077	0.008
20160213	0.0755500974	0.838	1.3	-21.1	0.00	0.49	54.6	1.00	143.2	0.0	0.0	0.6	0.000	0.000	0.0755500974	0.068	0.007
20160214	0.0673354193	0.830	0.0	-25.3	0.00	0.67	54.6	1.00	143.2	0.0	0.0	0.6	0.000	0.000	0.0673354193	0.061	0.006
20160215	0.0600139357	0.823	0.0	-17.7	0.00	0.30	54.6	1.00	143.2	0.0	0.0	0.5	0.000	0.000	0.0600139357	0.054	0.006
20160216	0.0534885283	3.469	29.7	-1.9	0.00	0.39	71.6	1.00	143.2	0.0	0.0	0.4	0.000	0.000	0.0534885283	0.048	0.005
20160217	0.0476726385	3.215	0.0	-4.7	0.00	1.21	71.6	1.00	143.2	0.0	0.0	0.4	0.000	0.000	0.0476726385	0.043	0.005
20160218	0.0424891193	1.557	0.0	-10.4	0.00	1.16	71.6	1.00	143.2	0.0	0.0	0.3	0.000	0.000	0.0424891193	0.038	0.004
20160219	0.0378692121	1.329	4.8	-8.5	0.00	1.58	74.3	1.00	143.2	0.0	0.0	0.3	0.000	0.000	0.0378692121	0.034	0.004
20160220	0.0337516345	1.221	11.2	-0.5	0.00	0.87	80.7	1.00	143.2	0.0	0.0	0.3	0.000	0.000	0.0337516345	0.031	0.003
20160221	0.0300817674	1.322	2.3	-2.5	0.00	1.11	82.0	1.00	143.2	0.0	0.0	0.2	0.000	0.000	0.0300817674	0.027	0.003
20160222	0.0268109306	1.223	0.3	-10.1	0.00	1.45	82.2	1.00	143.2	0.0	0.0	0.2	0.000	0.000	0.0268109306	0.024	0.003
20160223	0.0238957370	1.108	0.0	-9.6	0.00	1.00	82.2	1.00	143.2	0.0	0.0	0.2	0.000	0.000	0.023895737	0.022	0.002
20160224	0.0212975168	2.554	32.5	-1.9	0.00	0.34	100.8	1.00	143.2	0.0	0.0	0.2	0.000	0.000	0.0212975168	0.019	0.002
20160225	2.3763573693	13.910	28.7	1.6	0.00	0.41	108.1	1.00	146.0	18.6	13.1	3.3	0.000	1.9705193696	0.4058379997	2.151	0.226
20160226	1.9943234409	5.036	1.0	-9.5	0.00	1.30	108.7	1.00	146.0	0.0	8.3	6.1	0.000	1.2457566357	0.7485668053	1.805	0.189
20160227	1.6700387258	3.619	0.0	-8.6	0.00	1.37	108.7	1.00	146.0	0.0	4.1	8.6	0.000	0.6160085445	1.0540301814	1.511	0.159
20160228	1.4430396935	3.085	1.0	1.4	0.00	1.26	109.3	1.00	146.0	0.4	0.8	10.9	0.000	0.1167596382	1.3262800554	1.306	0.137
20160229	2.1269600726	3.157	4.8	1.7	0.00	1.26	106.2	1.00	146.8	7.0	3.7	12.9	0.000	0.5580322902	1.5689277824	1.916	0.211
20160301	1.8036352478	2.891	0.3	-7.6	0.00	0.66	106.4	1.00	146.8	0.0	0.1	14.6	0.000	0.0184431984	1.7851920494	1.625	0.179
20160302	1.6043766948	2.560	13.7	-7.6	0.00	0.59	114.2	1.00	146.8	0.0	0.0	13.2	0.000	0.000	1.6043766948	1.445	0.159
20160303	1.4299303525	2.368	0.3	-14.5	0.00	0.69	114.4	1.00	146.8	0.0	0.0	11.7	0.000	0.000	1.4299303525	1.288	0.142
20160304	1.2744518289	2.204	0.0	-13.0	0.00	0.48	114.4	1.00	146.8	0.0	0.0	10.4	0.000	0.000	1.2744518289	1.148	0.126
20160305	1.1358787240	1.984	0.0	-10.4	0.00	0.90	114.4	1.00	146.8	0.0	0.0	9.3	0.000	0.000	1.135878724	1.023	0.113
20160306	1.0123728856	1.821	0.0	-5.6	0.00	0.94	114.4	1.00	146.8	0.0	0.0	8.3	0.000	0.000	1.0123728856	0.912	0.100
20160307	0.9022960268	1.791	2.8	-3.1	0.00	0.21	116.0	1.00	146.8	0.0	0.0	7.4	0.000	0.000	0.9022960268	0.813	0.089
20160308	0.8041879938	1.792	0.0	3.1	0.00	1.15	116.0	1.00	146.8	0.0	0.0	6.6	0.000	0.000	0.8041879938	0.725	0.080
20160309	3.0478335825	3.496	0.0	8.8	0.00	1.18	96.0	1.00	148.5	18.4	12.9	9.0	0.000	1.9442299898	1.1036035927	2.488	0.560
20160310	6.7606413192	9.592	15.5	4.1	0.00	0.54	86.0	1.00	149.9	24.0	28.0	11.2	1.0149898092	4.3751882365	1.3704632735	5.239	1.521
20160311	4.8104234068	8.586	1.5	-0.8	0.00	0.70	86.9	1.00	149.9	0.0	21.2	13.2	0.000	3.2021165155	1.6083068914	3.746	1.064
20160312	5.0694698805	6.622	0.0	3.3	0.00	1.08	79.4	1.00	150.2	7.1	21.5	14.9	0.000	3.2491804731	1.8202894074	3.897	1.173
20160313	5.0532654926	6.679	0.0	2.5	0.00	1.41	74.0	1.00	150.4	5.2	20.2	16.5	0.000	3.0440427538	2.0092227388	3.841	1.212
20160314	4.3561567578	5.417	4.8	-1.4	0.00	0.45	76.7	1.00	150.4	0.0	14.4	17.8	0.000	2.178543699	2.1776130588	3.314	1.042
20160315	4.8267295113	5.389	1.3	3.3	0.00	0.27	69.6	1.00	150.7	8.2	16.6	19.1	0.000	2.4990354705	2.3276940408	3.581	1.246
20160316	8.6258681076	7.689	5.8	7.0	0.00	1.05	51.4	1.00	151.4	23.4	30.2	20.2	1.3954416977	4.7689699229	2.461456487	5.886	2.740
20160317	10.2038978853	8.940	1.3	5.7	0.00	0.99	37.0	1.00	151.6	15.4	34.4	21.2	2.1122894536	5.5109336947	2.580674737	6.653	3.551
20160318	7.4281353072	6.288	1.8	-2.7	0.00	0.98	38.0	1.00	151.6	0.0	26.1	22.0	0.6960899457	4.045115158	2.6869302036	4.889	2.539
20160319	5.7387545711	5.130	0.5	-6.2	0.00	1.17	38.3	1.00	151.6	0.0	19.6	22.8	0.000	2.9571222211	2.78163235	3.806	1.932
20160320	4.9690556247	4.577	0.0	-4.3	0.00	1.31	38.3	1.00	151.6	0.0	13.9	23.5	0.000	2.103018238	2.8660373867	3.302	1.668
20160321	4.3021501567	4.244	0.0	-1.1	0.00	1.21	38.3	1.00	151.6	0.0	9.0	24.1	0.000	1.3608852227	2.941264934	2.863	1.439
20160322	3.7243569266	3.701	0.0	-2.4	0.00	1.13	38.3	1.00	151.6	0.0	4.7	24.7	0.000	0.716044052	3.0083128746	2.483	1.241
20160323	3.2238105897	3.568	1.5	0.0	0.00	0.99	39.2	1.00	151.6	0.0	1.0	25.1	0.000	0.1557400002	3.0680705896	2.154	1.070
20160324	2.8467105189	3.266	4.1	-3.1	0.00	0.38	41.5	1.00	151.6	0.0	0.0	23.3	0.000	0.000	2.8467105189	1.903	0.944
20160325	2.5371833117	3.635	5.8	-0.2	0.00	0.43	44.8	1.00	151.6	0.0	0.0	20.8	0.000	0.000	2.5371833117	1.696	0.841
20160326	2.2613114731	3.523	0.0	1.2	0.00	1.24	44.8	1.00	151.6	0.0	0.0	18.5	0.000	0.000	2.2613114731	1.512	0.750
20160327	2.9980343276	3.342	0.0	4.4	0.00	0.50	36.6	1.00	151.8	8.1	3.9	19.7	0.000	0.5957425298	2.4022917979	1.875	1.123
20160328	4.6556599567	4.481	13.7	1.4	0.00	0.26	34.3	1.00	152.0	15.8	14.1	20.7	0.000	2.1277168413	2.5279431154	2.770	1.885
20160329	4.0222780710	4.507	4.1	-2.0	0.00	0.93	36.6	1.00	152.0	0.0	9.2	21.6	0.000	1.3823458988	2.6399321722	2.399	1.623
20160330	3.7005250025	3.464	0.0	1.4	0.00	1.91	34.9	1.00	152.0	1.7	6.4	22.5	0.000	0.9607805157	2.7397444868	2.202	1.498
20160331	5.6164143823	3.409	0.0	7.2	0.00	1.40	16.3	1.00	152.1	18.5	18.5	23.2	0.000	2.7877103272	2.8287040551	3.117	2.499
20160401	13.2968498100	7.248	21.8	7.6	0.00	0.60	0.0	0.00	152.3	37.8	42.4	23.8	3.4712996769	6.9175592201	2.9079909129	7.040	6.257
20160402	10.3632240800	5.250	2.3	2.7	0.74	0.74	0.0	0.00	151.6	2.3	33.7	24.4	1.9950159659	5.3895513251	2.9786567889	5.514	4.850
20160403	7.6057036194	4.035	1.3	-6.6	1.20	1.20	0.7	1.00	150.4	0.0	25.6	24.9	0.6090445693	3.9550199945	3.0416390557	4.076	3.530
20160404	5.9880229180	3.379	0.0	-8.6	0.00	0.39	0.7	1.00	150.4	0.0	19.2	25.4	0.000	2.8902497542	3.0977731638	3.226	2.762
20160405	5.1927163141	3.052	0.0	-7.8	0.00	0.79	0.7	1.00	150.4	0.0	13.6	25.8	0.000	2.0449125899	3.1478037242	2.801	2.391
20160406	4.5027914695	2.841	3.8	-3.6	0.00	0.60	2.9	1.00	150.4	0.0	8.7	26.2	0.000	1.3103970846	3.1923943848	2.432	2.070
20160407	6.1787114765	4.811	15.0	2.8	0.00	0.22	0.0	0.00	151.0	17.3	19.5	26.5	0.000	2.946574842	3.2321366345	3.372	2.806
20160408	5.3614112431	5.221	8.4	-1.8	0.75	0.75	4.8	1.00	150.2	0.0	13.9	26.8	0.000	2.0938535948	3.2675576483	2.927	2.435
20160409	4.6520493230	3.752	0.5	-3.8	0.00	1.57	5.1	1.00	150.2	0.0	9.0	27.0	0.000	1.3529220421	3.2991272809	2.540	2.112
20160410	4.0363891239	3.241	0.5	-4.4	0.00	1.86	5.4	1.00	150.2	0.0	4.7	27.3	0.000	0.7091248251	3.3272642988	2.204	1.832
20160411	3.5020698027	3.349	7.6	-0.1	0.00	1.22	9.7	1.00	150.2	0.0	1.0	27.5	0.000	0.1497278672	3.3523419355	1.913	1.589
20160412	5.3035305294	6.278	13.7	2.4	0.00	0.54	5.5	1.00	150.9	17.3	12.8	27.7	0.000	1.9288376871	3.3746928423	2.961	2.343
20160413	5.0659470291	3.992	0.3	1.8	0.00	1.57	2.2	1.00	151.0	3.5	11.1	27.8	0.000	1.6713335284	3.3946135007	2.830	2.236
20160414	4.6794897708	3.437	0.0	3.2	0.00	1.95	0.0	0.00	151.0	2.1	8.4	28.0	0.000	1.2671216155	3.4123681552	2.612	2.067
20160415	4.0627649460	3.153	0.0	5.3	2.10	2.10	0.0	0.00	148.9	0.0	4.2	28.1	0.000	0.6345726271	3.428192319	2.267	1.796
20160416	3.5272451792	2.927	0.0	7.0	2.40	2.40	0.0	0.00	146.5	0.0	0.6	28.2	0.000	0.0849492821	3.442295897	1.967	1.560
20160417	3.1292295275	2.740	0.0	10.8	2.57	2.57	0.0	0.00	143.9	0.0	0.0	25.7	0.000	0.000	3.1292295275	1.745	1.384
20160418	3.1263200835	2.715	3.6	10.4	2.28	2.28	0.0	0.00	142.2	3.1	0.0	25.6	0.000	0.000	3.1263200835	1.747	1.379
20160419	3.8339041052	4.629	10.2	6.7	1.35	1.35	0.0	0.00	142.4	8.6	4.4	26.0	0.000	0.6606574117	3.1732466935	2.183	1.651
20160420	3.3226853156	3.092	0.0	5.4	1.83	1.83	0.0	0.00	140.6	0.0	0.7	26.4	0.000	0.1076144146	3.215070901	1.889	1.433
20160421	2.9430449623	2.674	0.0	10.2	1.76	1.76	0.0	0.00	138.8	0.0	0.0	24.1	0.000	0.000	2.9430449623	1.673	1.270
20160422	2.7506569068	2.642	1.5	14.9	1.26	1.26	0.0	0.00	137.9	1.2	0.0	22.5	0.000	0.000	2.7506569068	1.568	1.183
20160423	2.4933113698	2.532	0.5	4.9	2.25	2.25	0.0	0.00	135.8	0.4	0.0	20.4	0.000	0.000	2.4933113698	1.423	1.071
20160424	2.2222097948	2.301	0.0	3.5	2.32	2.32	0.0	0.00	133.4	0.0	0.0	18.2	0.000	0.000	2.2222097948	1.268	0.954
20160425	1.9805855105	2.157	0.0	3.5	1.46	1.46	0.0	0.00	132.0	0.0	0.0	16.2	0.000	0.000	1.9805855105	1.130	0.851
20160426	1.7652334058	2.213	8.1	0.2	0.33	0.33	4.6	1.00	131.6	0.0	0.0	14.5	0.000	0.000	1.7652334058	1.007	0.758
20160427	1.6544775355	2.759	0.5	1.0	0.00	1.39	4.0	1.00	132.0	0.7	0.0	13.6	0.000	0.000	1.6544775355	0.946	0.708
20160428	1.5854179945	2.361	0.0	1.1	0.00	2.27	2.6	1.00	132.5	1.0	0.0	13.0	0.000	0.000	1.5854179945	0.910	0.676
20160429	1.6057670102	2.071	0.0	4.6	0.00	2.26	0.0	0.00	133.2	1.8	0.0	13.2	0.000	0.000	1.6057670102	0.923	0.683
20160430	1.4311694967	1.902	0.0	7.3	2.08	2.08	0.0	0.00	131.2	0.0	0.0	11.7	0.000	0.000	1.4311694967	0.823	0.608
20160501	1.7709957322	2.001	6.4	6.4	0.81	0.81	0.0	0.00	132.4	4.4	0.7	13.6	0.000	0.1085832985	1.6624124337	1.032	0.739
20160502	2.9086304346	3.685	15.0	4.2	0.46	0.46	0.0	0.00	136.1	10.8	6.9	15.3	0.000	1.0401184636	1.8685119709	1.777	1.132
20160503	2.5187268702	2.943	0.3	5.1	1.36	1.36	0.0	0.00	134.8	0.2	3.1	16.8	0.000	0.4665248812	2.0522019889	1.537	0.982
20160504	2.1652698395	2.463	0.0	5.2	1.64	1.64	0.0	0.00	133.2	0.0	0.0	17.7	0.000	0.000	2.1652698395	1.318	0.847
20160505	1.9298367240	2.270	0.0	8.3	0.94	0.94	0.0	0.00	132.3	0.0	0.0	15.8	0.000	0.000	1.929836724	1.175	0.755
20160506	1.7200026128	1.994	0.0	12.7	1.66	1.66	0.0	0.00	130.6	0.0	0.0	14.1	0.000	0.000	1.7200026128	1.047	0.673
20160507	1.5329840868	1.875	0.0	13.0	1.15	1.15	0.0	0.00	129.5	0.0	0.0	12.6	0.000	0.000	1.5329840868	0.933	0.600
20160508	3.0633152658	3.494	19.6	4.1	0.82	0.82	0.0	0.00	134.7	13.6	8.7	14.4	0.000	1.3101586988	1.753156567	2.005	1.058
20160509	2.6686777881	2.563	0.5	2.3	1.58	1.58	0.0	0.00	133.2	0.4	4.8	16.0	0.000	0.7192884328	1.9493893552	1.745	0.924
20160510	2.2828445015	2.120	0.0	6.9	2.74	2.74	0.0	0.00	130.5	0.0	1.1	17.4	0.000	0.1585590505	2.124285451	1.489	0.794
20160511	2.0075761716	1.923	0.0	9.7	3.02	3.02	0.0	0.00	127.5	0.0	0.0	16.5	0.000	0.000	2.0075761716	1.308	0.699
20160512	1.7892893309	1.807	0.0	14.9	3.24	3.24	0.0	0.00	124.3	0.0	0.0	14.7	0.000	0.000	1.7892893309	1.166	0.623
20160513	2.4531687287	2.636	11.7	14.3	1.60	1.60	0.0	0.00	127.2	7.2	3.1	16.2	0.000	0.4715753805	1.9815933482	1.656	0.797
20160514	2.9305955649	2.615	9.9	13.1	1.83	1.83	0.0	0.00	128.9	6.4	5.2	17.6	0.000	0.7776077106	2.1529878543	2.027	0.903
20160515	3.5578205158	4.502	11.9	4.6	0.95	0.95	0.0	0.00	131.9	8.0	8.3	18.9	0.000	1.2520741432	2.3057463726	2.528	1.029
20160516	3.4527806514	3.117	4.3	1.0	2.19	2.19	0.0	0.00	131.0	3.0	6.7	20.0	0.000	1.0108854289	2.4418952225	2.472	0.981
20160517	2.9751687840	2.596	0.0	6.2	3.44	3.44	0.0	0.00	127.6	0.0	2.7	21.0	0.000	0.4119283852	2.5632403988	2.126	0.849
20160518	2.5813966181	2.360	0.0	8.0	4.01	4.01	0.0	0.00	123.6	0.0	0.0	21.2	0.000	0.000	2.5813966181	1.842	0.740
20160519	2.5613901299	2.355	4.1	11.3	2.39	2.39	0.0	0.00	122.9	2.4	0.0	21.0	0.000	0.000	2.5613901299	1.844	0.718
20160520	2.3014251722	2.305	0.3	12.5	3.39	3.39	0.0	0.00	119.6	0.2	0.0	18.9	0.000	0.000	2.3014251722	1.658	0.644
20160521	2.0511876782	2.031	0.0	14.4	2.84	2.86	0.0	0.00	116.8	0.0	0.0	16.8	0.000	0.000	2.0511876782	1.477	0.574
20160522	2.0934596911	1.966	4.8	15.5	1.37	1.40	0.0	0.00	117.8	2.4	0.0	17.2	0.000	0.000	2.0934596911	1.525	0.568
20160523	1.8658346033	1.738	0.0	12.0	3.24	3.32	0.0	0.00	114.6	0.0	0.0	15.3	0.000	0.000	1.8658346033	1.359	0.506
20160524	1.7040982414	1.604	0.8	16.3	1.65	1.74	0.0	0.00	113.3	0.4	0.0	14.0	0.000	0.000	1.7040982414	1.244	0.460
20160525	1.5338058401	1.513	0.3	17.8	2.10	2.24	0.0	0.00	111.4	0.1	0.0	12.6	0.000	0.000	1.5338058401	1.121	0.413
20160526	1.3670327752	1.334	0.0	17.9	2.52	2.73	0.0	0.00	108.9	0.0	0.0	11.2	0.000	0.000	1.3670327752	0.999	0.368
20160527	1.3694271109	1.211	3.3	21.3	2.47	2.72	0.0	0.00	108.3	1.4	0.0	11.2	0.000	0.000	1.3694271109	1.010	0.359
20160528	1.2205271977	1.060	0.0	22.8	3.16	3.53	0.0	0.00	105.1	0.0	0.0	10.0	0.000	0.000	1.2205271977	0.900	0.320
20160529	1.1289185456	0.969	1.0	21.1	1.14	1.31	0.0	0.00	104.6	0.4	0.0	9.3	0.000	0.000	1.1289185456	0.835	0.294
20160530	1.1214298098	1.100	2.8	19.6	1.46	1.68	0.0	0.00	104.9	1.1	0.0	9.2	0.000	0.000	1.1214298098	0.837	0.285
20160531	1.0610908223	0.970	1.5	18.1	2.63	3.02	0.0	0.00	103.2	0.6	0.0	8.7	0.000	0.000	1.0610908223	0.795	0.266
20160601	0.9457167874	0.807	0.0	16.9	4.25	4.97	0.0	0.00	99.0	0.0	0.0	7.8	0.000	0.000	0.9457167874	0.709	0.237
20160602	0.8428875485	0.697	0.0	17.8	3.35	4.09	0.0	0.00	95.6	0.0	0.0	6.9	0.000	0.000	0.8428875485	0.632	0.211
20160603	0.7832926915	0.686	1.0	18.2	2.59	3.26	0.0	0.00	93.7	0.3	0.0	6.4	0.000	0.000	0.7832926915	0.589	0.195
20160604	0.6981240740	0.582	0.0	17.8	2.96	3.81	0.0	0.00	90.8	0.0	0.0	5.7	0.000	0.000	0.698124074	0.525	0.173
20160605	3.6600150223	6.100	56.9	14.7	0.69	0.78	0.0	0.00	123.2	23.8	17.6	8.3	0.000	2.6509428566	1.0090721657	3.143	0.517
20160606	3.1981518281	3.323	1.0	15.8	2.92	2.92	0.0	0.00	120.7	0.6	12.7	10.5	0.000	1.9119414342	1.2862103938	2.745	0.453
20160607	2.7636090925	1.761	0.5	15.3	4.05	4.05	0.0	0.00	116.9	0.3	8.2	12.6	0.000	1.2303941357	1.5332149567	2.370	0.393
20160608	2.4411940489	1.497	1.3	9.7	5.38	5.54	0.0	0.00	112.2	0.6	4.6	14.4	0.000	0.6878317148	1.7533623341	2.094	0.348
20160609	2.2773249735	1.494	3.3	6.3	2.86	3.05	0.0	0.00	111.1	1.5	2.2	16.0	0.000	0.3277522245	1.949572749	1.956	0.321
20160610	1.9880292398	1.334	0.3	9.3	4.30	4.67	0.0	0.00	107.0	0.1	0.0	16.3	0.000	0.000	1.9880292398	1.707	0.281
20160611	1.8062536593	1.261	0.8	9.1	3.37	3.80	0.0	0.00	104.1	0.3	0.0	14.8	0.000	0.000	1.8062536593	1.552	0.254
20160612	1.7235577047	1.317	2.8	9.7	4.23	4.86	0.0	0.00	101.6	1.0	0.0	14.1	0.000	0.000	1.7235577047	1.484	0.239
20160613	1.9654494094	2.320	10.4	10.4	4.07	4.68	0.0	0.00	104.1	3.9	0.3	15.8	0.000	0.0424405866	1.9230088228	1.710	0.256
20160614	1.7445024533	1.758	0.0	12.6	5.44	6.32	0.0	0.00	98.6	0.0	0.0	14.3	0.000	0.000	1.7445024533	1.517	0.227
20160615	1.5652466902	1.105	0.3	15.9	4.87	5.96	0.0	0.00	93.9	0.1	0.0	12.8	0.000	0.000	1.5652466902	1.362	0.203
20160616	1.3950550133	0.865	0.0	16.6	2.89	3.72	0.0	0.00	91.0	0.0	0.0	11.4	0.000	0.000	1.3950550133	1.214	0.181
20160617	1.2433685389	0.704	0.0	16.2	3.97	5.27	0.0	0.00	87.1	0.0	0.0	10.2	0.000	0.000	1.2433685389	1.082	0.162
20160618	1.1081751679	0.610	0.0	17.3	3.34	4.63	0.0	0.00	83.7	0.0	0.0	9.1	0.000	0.000	1.1081751679	0.964	0.144
20160619	0.9876815797	0.522	0.0	19.1	3.17	4.57	0.0	0.00	80.6	0.0	0.0	8.1	0.000	0.000	0.9876815797	0.859	0.128
20160620	0.8802894445	0.444	0.0	21.6	3.73	5.59	0.0	0.00	76.8	0.0	0.0	7.2	0.000	0.000	0.8802894445	0.766	0.114
20160621	0.8522737331	0.435	3.6	15.9	3.23	4.97	0.0	0.00	76.6	0.6	0.0	7.0	0.000	0.000	0.8522737331	0.744	0.108
20160622	0.9677782373	0.963	10.2	12.2	2.38	3.56	0.0	0.00	82.5	1.9	0.0	7.9	0.000	0.000	0.9677782373	0.854	0.114
20160623	0.8734532030	0.691	0.5	14.6	2.89	4.22	0.0	0.00	80.0	0.1	0.0	7.2	0.000	0.000	0.873453203	0.771	0.102
20160624	0.7845198818	0.455	0.3	15.6	3.27	4.93	0.0	0.00	77.0	0.1	0.0	6.4	0.000	0.000	0.7845198818	0.693	0.092
20160625	0.6992178301	0.358	0.0	17.6	3.58	5.62	0.0	0.00	73.4	0.0	0.0	5.7	0.000	0.000	0.6992178301	0.617	0.082
20160626	0.6231908014	0.298	0.0	20.3	3.31	5.45	0.0	0.00	70.1	0.0	0.0	5.1	0.000	0.000	0.6231908014	0.550	0.073
20160627	0.5554303084	0.269	0.0	19.1	2.06	3.55	0.0	0.00	68.0	0.0	0.0	4.6	0.000	0.000	0.5554303084	0.490	0.065
20160628	2.2467009482	3.820	54.6	20.2	2.70	3.68	0.0	0.00	106.0	14.0	9.0	7.2	0.000	1.3648072358	0.8818937124	2.109	0.138
20160629	2.2404093796	2.979	6.6	17.6	2.51	2.80	0.0	0.00	107.4	2.7	7.1	9.6	0.000	1.0675491305	1.1728602491	2.108	0.133
20160630	1.9090695013	1.099	0.3	17.5	3.81	4.28	0.0	0.00	103.8	0.1	3.2	11.7	0.000	0.4768799539	1.4321895473	1.795	0.114
20160701	2.3516162392	1.314	14.0	17.4	3.46	3.87	0.0	0.00	108.7	5.6	4.6	13.6	0.000	0.6882946666	1.6633215726	2.225	0.126
20160702	2.0713914232	1.384	1.3	12.2	5.14	5.70	0.0	0.00	104.3	0.5	1.3	15.3	0.000	0.2020691654	1.8693222578	1.960	0.111
20160703	1.8116916204	0.835	0.0	14.7	6.54	7.57	0.0	0.00	97.7	0.0	0.0	14.9	0.000	0.000	1.8116916204	1.714	0.098
20160704	1.6147036078	0.568	0.0	18.0	5.90	7.29	0.0	0.00	91.8	0.0	0.0	13.2	0.000	0.000	1.6147036078	1.527	0.087
20160705	1.4391344043	0.459	0.0	19.2	5.70	7.50	0.0	0.00	86.1	0.0	0.0	11.8	0.000	0.000	1.4391344043	1.361	0.078
20160706	1.2826551100	0.367	0.0	20.8	4.84	6.78	0.0	0.00	81.3	0.0	0.0	10.5	0.000	0.000	1.28265511	1.213	0.069
20160707	1.2608109092	0.558	5.3	21.9	3.18	4.60	0.0	0.00	82.3	1.1	0.0	10.3	0.000	0.000	1.2608109092	1.195	0.066
20160708	1.1237210024	0.531	0.0	18.5	2.61	3.83	0.0	0.00	79.7	0.0	0.0	9.2	0.000	0.000	1.1237210024	1.065	0.059
20160709	1.5254289664	1.310	19.8	14.5	2.87	3.97	0.0	0.00	92.1	4.6	0.9	11.4	0.000	0.13703568	1.3883932864	1.458	0.067
20160710	1.5067511829	1.557	5.6	13.9	3.04	3.90	0.0	0.00	93.0	1.6	0.0	12.4	0.000	0.000	1.5067511829	1.443	0.064
20160711	1.3880207542	0.989	1.5	16.3	4.20	5.42	0.0	0.00	89.9	0.4	0.0	11.4	0.000	0.000	1.3880207542	1.330	0.058
20160712	1.2370991256	0.587	0.0	18.2	4.91	6.59	0.0	0.00	85.0	0.0	0.0	10.1	0.000	0.000	1.2370991256	1.186	0.052
20160713	1.1025874375	0.423	0.0	20.7	2.89	4.10	0.0	0.00	82.1	0.0	0.0	9.0	0.000	0.000	1.1025874375	1.057	0.046
20160714	1.3279411203	1.181	13.7	21.2	1.23	1.69	0.0	0.00	91.4	3.2	0.0	10.9	0.000	0.000	1.3279411203	1.279	0.049
20160715	1.2353969820	0.906	1.8	20.1	3.78	4.96	0.0	0.00	89.0	0.5	0.0	10.1	0.000	0.000	1.235396982	1.191	0.045
20160716	1.1090413201	0.570	0.3	18.0	4.51	6.11	0.0	0.00	84.7	0.1	0.0	9.1	0.000	0.000	1.1090413201	1.069	0.040
20160717	0.9884535538	0.428	0.0	19.4	3.28	4.68	0.0	0.00	81.4	0.0	0.0	8.1	0.000	0.000	0.9884535538	0.953	0.036
20160718	1.0626752745	0.633	7.9	19.4	3.67	5.25	0.0	0.00	84.0	1.7	0.0	8.7	0.000	0.000	1.0626752745	1.027	0.035
20160719	0.9539804174	0.613	0.3	13.6	4.34	6.23	0.0	0.00	79.9	0.1	0.0	7.8	0.000	0.000	0.9539804174	0.922	0.032
20160720	0.8562632509	0.380	0.3	14.8	4.00	6.04	0.0	0.00	76.1	0.1	0.0	7.0	0.000	0.000	0.8562632509	0.828	0.028
20160721	0.7631604324	0.275	0.0	17.9	4.48	7.11	0.0	0.00	71.6	0.0	0.0	6.3	0.000	0.000	0.7631604324	0.738	0.025
20160722	1.1974544990	0.601	23.6	21.6	3.84	5.71	0.0	0.00	86.8	4.6	0.9	8.7	0.000	0.130417478	1.067037021	1.167	0.030
20160723	2.0491576822	4.040	26.9	18.9	4.35	5.45	0.0	0.00	101.3	8.1	4.7	11.0	0.000	0.7112850408	1.3378726413	2.011	0.038
20160724	1.7443420926	1.577	0.3	17.2	3.70	4.41	0.0	0.00	97.8	0.1	1.1	12.9	0.000	0.1650822039	1.5792598887	1.711	0.033
20160725	1.5265130670	0.897	0.0	18.4	3.56	4.39	0.0	0.00	94.2	0.0	0.0	12.5	0.000	0.000	1.526513067	1.498	0.029
20160726	1.3697874715	0.690	0.3	19.1	4.49	5.75	0.0	0.00	89.9	0.1	0.0	11.2	0.000	0.000	1.3697874715	1.344	0.026
20160727	1.2290452756	0.491	0.3	20.4	3.63	4.87	0.0	0.00	86.5	0.1	0.0	10.1	0.000	0.000	1.2290452756	1.206	0.023
20160728	1.0954092949	0.399	0.0	20.5	4.66	6.51	0.0	0.00	81.9	0.0	0.0	9.0	0.000	0.000	1.0954092949	1.075	0.021
20160729	0.9763037598	0.343	0.0	18.9	3.42	5.05	0.0	0.00	78.4	0.0	0.0	8.0	0.000	0.000	0.9763037598	0.958	0.018
20160730	0.8701487524	0.270	0.0	16.7	4.72	7.27	0.0	0.00	73.7	0.0	0.0	7.1	0.000	0.000	0.8701487524	0.854	0.016
20160731	0.7755361420	0.238	0.0	16.6	1.90	3.12	0.0	0.00	71.8	0.0	0.0	6.4	0.000	0.000	0.775536142	0.761	0.015
20160801	1.4601428425	2.084	30.5	14.8	2.78	4.00	0.0	0.00	93.1	6.5	2.5	8.8	0.000	0.3820757418	1.0780671007	1.441	0.019
20160802	1.2361948173	0.970	0.0	17.0	3.41	4.43	0.0	0.00	89.6	0.0	0.0	10.1	0.000	0.000	1.2361948173	1.220	0.017
20160803	1.1017814560	0.535	0.0	18.0	4.74	6.39	0.0	0.00	84.9	0.0	0.0	9.0	0.000	0.000	1.101781456	1.087	0.015
20160804	0.9819830659	0.368	0.0	18.8	4.09	5.81	0.0	0.00	80.8	0.0	0.0	8.0	0.000	0.000	0.9819830659	0.969	0.013
20160805	0.8752105388	0.267	0.0	20.7	2.83	4.22	0.0	0.00	78.0	0.0	0.0	7.2	0.000	0.000	0.8752105388	0.864	0.012
20160806	0.7856969399	0.226	0.3	19.6	4.02	6.21	0.0	0.00	74.2	0.1	0.0	6.4	0.000	0.000	0.7856969399	0.775	0.010
20160807	0.7426276499	0.195	2.5	16.7	3.36	5.39	0.0	0.00	73.0	0.4	0.0	6.1	0.000	0.000	0.7426276499	0.733	0.010
20160808	0.6618806048	0.163	0.0	16.7	3.93	6.51	0.0	0.00	69.0	0.0	0.0	5.4	0.000	0.000	0.6618806048	0.653	0.009
20160809	0.5899133100	0.125	0.0	16.7	3.68	6.43	0.0	0.00	65.4	0.0	0.0	4.8	0.000	0.000	0.58991331	0.582	0.008
20160810	0.5257711297	0.139	0.0	18.5	2.21	4.09	0.0	0.00	63.1	0.0	0.0	4.3	0.000	0.000	0.5257711297	0.519	0.007
20160811	0.4686032272	0.121	0.0	22.1	2.76	5.28	0.0	0.00	60.4	0.0	0.0	3.8	0.000	0.000	0.4686032272	0.463	0.006
20160812	0.4887250759	0.190	6.6	23.1	1.72	3.28	0.0	0.00	64.6	0.7	0.0	4.0	0.000	0.000	0.4887250759	0.483	0.006
20160813	0.6014847874	0.456	11.9	19.7	1.93	3.34	0.0	0.00	73.1	1.5	0.0	4.9	0.000	0.000	0.6014847874	0.595	0.006
20160814	0.5601366541	0.533	1.5	21.1	2.67	4.38	0.0	0.00	71.7	0.2	0.0	4.6	0.000	0.000	0.5601366541	0.554	0.006
20160815	0.4992321353	0.246	0.0	18.6	2.65	4.47	0.0	0.00	69.0	0.0	0.0	4.1	0.000	0.000	0.4992321353	0.494	0.005
20160816	1.6771415737	1.591	43.4	16.9	2.88	4.06	0.0	0.00	99.5	10.0	5.6	6.8	0.000	0.8453355207	0.831806053	1.668	0.009
20160817	2.2192344258	6.765	16.8	17.6	3.24	3.74	0.0	0.00	106.8	6.3	7.2	9.2	0.000	1.0910157279	1.1282186979	2.209	0.010
20160818	1.9255756200	1.217	1.0	18.6	2.19	2.46	0.0	0.00	105.2	0.4	3.5	11.4	0.000	0.5331736794	1.3924019405	1.917	0.009
20160819	1.6252421445	0.748	0.0	18.0	4.71	5.41	0.0	0.00	100.5	0.0	0.0	13.3	0.000	0.000	1.6252421445	1.618	0.007
20160820	1.4485270697	0.514	0.0	18.1	4.72	5.67	0.0	0.00	95.8	0.0	0.0	11.9	0.000	0.000	1.4485270697	1.442	0.007
20160821	2.0427239930	0.680	18.3	19.1	4.19	4.97	0.0	0.00	103.6	6.3	2.4	13.8	0.000	0.3648413018	1.6778826911	2.035	0.008
20160822	2.2935417563	3.195	10.9	12.9	4.20	4.75	0.0	0.00	106.0	4.3	2.7	15.4	0.000	0.4112416328	1.8823001235	2.286	0.008
20160823	1.9740011082	0.995	0.0	14.5	4.89	5.58	0.0	0.00	101.1	0.0	0.0	16.2	0.000	0.000	1.9740011082	1.967	0.007
20160824	1.7593649357	0.659	0.0	18.3	4.14	4.95	0.0	0.00	96.9	0.0	0.0	14.4	0.000	0.000	1.7593649357	1.753	0.006
20160825	1.5680664838	0.537	0.0	19.2	3.17	3.94	0.0	0.00	93.8	0.0	0.0	12.9	0.000	0.000	1.5680664838	1.563	0.006
20160826	1.3975682065	0.459	0.0	19.9	3.29	4.24	0.0	0.00	90.5	0.0	0.0	11.5	0.000	0.000	1.3975682065	1.393	0.005
20160827	1.2456084687	0.361	0.0	18.8	3.82	5.09	0.0	0.00	86.7	0.0	0.0	10.2	0.000	0.000	1.2456084687	1.241	0.004
20160828	1.2156044136	0.363	4.1	19.6	3.96	5.42	0.0	0.00	85.8	1.0	0.0	10.0	0.000	0.000	1.2156044136	1.211	0.004
20160829	1.0906864238	0.363	0.3	16.5	2.89	4.06	0.0	0.00	83.2	0.1	0.0	8.9	0.000	0.000	1.0906864238	1.087	0.004
20160830	0.9720944137	0.285	0.0	16.4	3.31	4.80	0.0	0.00	79.9	0.0	0.0	8.0	0.000	0.000	0.9720944137	0.969	0.003
20160831	1.4040243673	1.028	20.1	17.6	2.37	3.27	0.0	0.00	92.9	4.7	1.0	10.3	0.000	0.1507710777	1.2532532896	1.400	0.004
20160901	1.2553694883	0.813	1.0	15.9	4.54	5.87	0.0	0.00	89.1	0.3	0.0	10.3	0.000	0.000	1.2553694883	1.252	0.003
20160902	1.1188712356	0.455	0.0	14.6	4.13	5.60	0.0	0.00	84.9	0.0	0.0	9.2	0.000	0.000	1.1188712356	1.116	0.003
20160903	0.9972146476	0.329	0.0	14.1	2.06	2.92	0.0	0.00	82.9	0.0	0.0	8.2	0.000	0.000	0.9972146476	0.994	0.003
20160904	0.8887859672	0.261	0.0	15.6	3.35	4.88	0.0	0.00	79.5	0.0	0.0	7.3	0.000	0.000	0.8887859672	0.886	0.002
20160905	0.7921469038	0.213	0.0	17.1	2.04	3.10	0.0	0.00	77.5	0.0	0.0	6.5	0.000	0.000	0.7921469038	0.790	0.002
20160906	0.7060155542	0.176	0.0	18.3	1.45	2.26	0.0	0.00	76.0	0.0	0.0	5.8	0.000	0.000	0.7060155542	0.704	0.002
20160907	0.6292493986	0.147	0.0	19.8	2.19	3.47	0.0	0.00	73.9	0.0	0.0	5.2	0.000	0.000	0.6292493986	0.628	0.002
20160908	0.5855799835	0.172	1.5	19.9	1.87	3.03	0.0	0.00	73.3	0.2	0.0	4.8	0.000	0.000	0.5855799835	0.584	0.002
20160909	0.5347027439	0.166	0.8	19.6	2.79	4.57	0.0	0.00	71.2	0.1	0.0	4.4	0.000	0.000	0.5347027439	0.533	0.001
20160910	0.4765636933	0.120	0.0	18.6	2.10	3.57	0.0	0.00	69.1	0.0	0.0	3.9	0.000	0.000	0.4765636933	0.475	0.001
20160911	0.7721147357	0.820	19.1	13.5	2.67	4.19	0.0	0.00	82.3	3.2	0.0	6.3	0.000	0.000	0.7721147357	0.771	0.002
20160912	0.6946605887	0.290	0.3	12.3	3.24	4.74	0.0	0.00	79.3	0.1	0.0	5.7	0.000	0.000	0.6946605887	0.693	0.001
20160913	0.6191290759	0.169	0.0	15.3	3.03	4.62	0.0	0.00	76.3	0.0	0.0	5.1	0.000	0.000	0.6191290759	0.618	0.001
20160914	0.6621099161	0.306	5.8	13.1	1.85	2.84	0.0	0.00	79.2	1.0	0.0	5.4	0.000	0.000	0.6621099161	0.661	0.001
20160915	0.5959975969	0.224	0.3	9.8	2.56	3.90	0.0	0.00	76.9	0.1	0.0	4.9	0.000	0.000	0.5959975969	0.595	0.001
20160916	0.5311938628	0.149	0.0	11.7	2.65	4.17	0.0	0.00	74.2	0.0	0.0	4.4	0.000	0.000	0.5311938628	0.530	0.001
20160917	0.5157985338	0.116	2.5	14.0	2.52	4.05	0.0	0.00	73.8	0.4	0.0	4.2	0.000	0.000	0.5157985338	0.515	0.001
20160918	0.5728561380	0.306	6.4	18.0	1.58	2.50	0.0	0.00	77.6	1.0	0.0	4.7	0.000	0.000	0.572856138	0.572	0.001
20160919	0.5254300047	0.234	0.8	17.3	1.06	1.65	0.0	0.00	77.2	0.1	0.0	4.3	0.000	0.000	0.5254300047	0.525	0.001
20160920	0.4682991933	0.183	0.0	18.6	2.60	4.07	0.0	0.00	74.6	0.0	0.0	3.8	0.000	0.000	0.4682991933	0.468	0.001
20160921	0.4173803027	0.113	0.0	15.9	3.07	4.97	0.0	0.00	71.5	0.0	0.0	3.4	0.000	0.000	0.4173803027	0.417	0.001
20160922	0.3719979013	0.089	0.0	17.0	2.45	4.13	0.0	0.00	69.1	0.0	0.0	3.0	0.000	0.000	0.3719979013	0.371	0.001
20160923	0.6492606828	0.736	17.8	11.7	2.29	3.62	0.0	0.00	81.7	2.9	0.0	5.3	0.000	0.000	0.6492606828	0.648	0.001
20160924	0.6107835158	0.335	1.5	8.1	2.80	4.12	0.0	0.00	80.1	0.3	0.0	5.0	0.000	0.000	0.6107835158	0.610	0.001
20160925	0.5443720860	0.225	0.0	6.2	3.03	4.57	0.0	0.00	77.0	0.0	0.0	4.5	0.000	0.000	0.544372086	0.544	0.001
20160926	0.4851816729	0.197	0.0	8.1	2.50	3.92	0.0	0.00	74.5	0.0	0.0	4.0	0.000	0.000	0.4851816729	0.485	0.001
20160927	0.5042008939	0.240	4.1	12.3	2.39	3.79	0.0	0.00	75.6	0.7	0.0	4.1	0.000	0.000	0.5042008939	0.504	0.001
20160928	0.4580471509	0.176	0.5	12.6	2.79	4.44	0.0	0.00	73.2	0.1	0.0	3.8	0.000	0.000	0.4580471509	0.458	0.001
20160929	0.4082429806	0.149	0.0	10.7	2.56	4.22	0.0	0.00	70.6	0.0	0.0	3.3	0.000	0.000	0.4082429806	0.408	0.000
20160930	0.3638540943	0.122	0.0	8.7	1.08	1.84	0.0	0.00	69.6	0.0	0.0	3.0	0.000	0.000	0.3638540943	0.363	0.000
20161001	0.3242916797	0.138	0.0	8.7	1.31	2.27	0.0	0.00	68.3	0.0	0.0	2.7	0.000	0.000	0.3242916797	0.324	0.000
20161002	0.2890309473	0.170	0.0	9.8	0.95	1.68	0.0	0.00	67.3	0.0	0.0	2.4	0.000	0.000	0.2890309473	0.289	0.000
20161003	0.3159303481	0.207	4.3	11.7	1.09	1.91	0.0	0.00	70.0	0.5	0.0	2.6	0.000	0.000	0.3159303481	0.316	0.000
20161004	0.2815787560	0.195	0.0	11.6	1.10	1.90	0.0	0.00	68.9	0.0	0.0	2.3	0.000	0.000	0.281578756	0.281	0.000
20161005	0.2509622654	0.163	0.0	12.1	1.31	2.30	0.0	0.00	67.6	0.0	0.0	2.1	0.000	0.000	0.2509622654	0.251	0.000
20161006	0.2275574768	0.156	0.3	12.7	1.55	2.77	0.0	0.00	66.3	0.0	0.0	1.9	0.000	0.000	0.2275574768	0.227	0.000
20161007	0.2065067688	0.139	0.3	15.1	1.12	2.04	0.0	0.00	65.4	0.0	0.0	1.7	0.000	0.000	0.2065067688	0.206	0.000
20161008	0.1840529706	0.135	0.0	13.7	0.97	1.80	0.0	0.00	64.4	0.0	0.0	1.5	0.000	0.000	0.1840529706	0.184	0.000
20161009	0.1640406084	0.140	0.0	8.0	0.64	1.19	0.0	0.00	63.8	0.0	0.0	1.3	0.000	0.000	0.1640406084	0.164	0.000
20161010	0.1462042211	0.140	0.0	4.4	1.10	2.07	0.0	0.00	62.7	0.0	0.0	1.2	0.000	0.000	0.1462042211	0.146	0.000
20161011	0.1303072116	0.142	0.0	8.4	1.12	2.16	0.0	0.00	61.6	0.0	0.0	1.1	0.000	0.000	0.1303072116	0.130	0.000
20161012	0.1161387083	0.129	0.0	12.7	1.19	2.34	0.0	0.00	60.4	0.0	0.0	1.0	0.000	0.000	0.1161387083	0.116	0.000
20161013	0.1181851219	0.125	1.5	9.8	0.80	1.58	0.0	0.00	61.0	0.1	0.0	1.0	0.000	0.000	0.1181851219	0.118	0.000
20161014	0.1053346721	0.136	0.0	4.7	0.88	1.74	0.0	0.00	60.1	0.0	0.0	0.9	0.000	0.000	0.1053346721	0.105	0.000
20161015	0.0938814714	0.132	0.0	5.8	1.08	2.16	0.0	0.00	59.0	0.0	0.0	0.8	0.000	0.000	0.0938814714	0.094	0.000
20161016	0.1307831237	0.158	4.8	10.2	1.07	2.11	0.0	0.00	62.3	0.4	0.0	1.1	0.000	0.000	0.1307831237	0.131	0.000
20161017	0.1197046424	0.221	0.3	14.3	1.19	2.30	0.0	0.00	61.4	0.0	0.0	1.0	0.000	0.000	0.1197046424	0.120	0.000
20161018	0.1066889727	0.168	0.0	13.1	0.55	1.09	0.0	0.00	60.8	0.0	0.0	0.9	0.000	0.000	0.1066889727	0.107	0.000
20161019	0.1000083815	0.186	0.5	11.6	1.02	2.01	0.0	0.00	60.3	0.0	0.0	0.8	0.000	0.000	0.1000083815	0.100	0.000
20161020	0.1191054398	0.223	3.0	8.6	0.68	1.33	0.0	0.00	62.3	0.3	0.0	1.0	0.000	0.000	0.1191054398	0.119	0.000
20161021	1.2507307063	2.887	46.5	12.0	0.90	1.34	0.0	0.00	98.6	9.3	5.0	4.0	0.000	0.7577195893	0.493011117	1.250	0.000
20161022	2.4301305407	4.492	27.2	5.7	0.99	1.12	0.0	0.00	114.0	10.8	10.6	6.8	0.000	1.6038690851	0.8262614556	2.429	0.001
20161023	2.1736811374	1.951	2.0	1.4	0.87	0.92	0.0	0.00	114.2	0.9	7.0	9.2	0.000	1.0504041644	1.123276973	2.173	0.001
20161024	2.2871497495	1.316	7.1	1.0	1.89	1.97	0.0	0.00	116.0	3.5	6.0	11.4	0.000	0.8991522125	1.387997537	2.286	0.001
20161025	1.9387777509	1.072	0.3	-0.1	1.48	1.54	0.2	1.00	114.5	0.0	2.1	13.3	0.000	0.3148431234	1.6239346275	1.938	0.001
20161026	1.6742573115	0.907	0.0	-0.9	0.00	1.44	0.2	1.00	114.5	0.0	0.0	13.7	0.000	0.000	1.6742573115	1.674	0.001
20161027	1.4922127424	0.804	11.2	-0.9	0.00	1.05	6.6	1.00	114.5	0.0	0.0	12.2	0.000	0.000	1.4922127424	1.492	0.000
20161028	2.1943695478	1.843	11.9	1.6	0.00	0.97	4.3	1.00	121.4	7.2	3.2	14.1	0.000	0.4775511943	1.7168183535	2.177	0.018
20161029	3.2715122994	3.742	13.7	3.1	0.00	1.72	0.0	0.00	128.7	10.7	9.0	15.7	0.000	1.3545100479	1.9170022515	3.194	0.078
20161030	2.8900376035	3.149	1.0	3.4	1.04	1.04	0.0	0.00	128.1	0.6	5.3	17.2	0.000	0.7946177567	2.0954198468	2.821	0.069
20161031	2.4784507050	1.921	1.5	-0.5	1.32	1.32	0.9	1.00	126.7	0.0	1.5	18.5	0.000	0.2240128821	2.2544378229	2.421	0.057
20161101	2.2282116468	1.482	0.0	1.0	0.00	0.84	0.0	0.00	127.1	0.5	0.0	18.3	0.000	0.000	2.2282116468	2.176	0.052
20161102	2.0533512613	1.382	1.0	8.7	1.50	1.50	0.0	0.00	125.9	0.6	0.0	16.8	0.000	0.000	2.0533512613	2.003	0.050
20161103	3.2306184372	3.653	17.5	6.8	1.05	1.05	0.0	0.00	131.1	11.3	6.7	18.2	0.000	1.0136750179	2.2169434193	3.122	0.109
20161104	2.7771002166	2.362	2.5	0.2	1.26	1.26	1.4	1.00	129.9	0.0	2.7	19.4	0.000	0.4143522658	2.3627479507	2.685	0.092
20161105	2.4044508214	1.837	0.5	-0.9	0.00	1.51	1.7	1.00	129.9	0.0	0.0	19.7	0.000	0.000	2.4044508214	2.326	0.079
20161106	2.4032164625	1.745	2.3	1.1	0.00	1.60	0.4	1.00	131.1	2.4	0.0	19.7	0.000	0.000	2.4032164625	2.319	0.085
20161107	2.1713495388	1.577	0.0	2.0	0.00	1.53	0.0	0.00	131.2	0.3	0.0	17.8	0.000	0.000	2.1713495388	2.094	0.077
20161108	1.9352553683	1.460	0.0	5.9	1.66	1.66	0.0	0.00	129.5	0.0	0.0	15.9	0.000	0.000	1.9352553683	1.867	0.069
20161109	1.7461036173	1.394	0.3	4.0	0.95	0.95	0.0	0.00	128.7	0.2	0.0	14.3	0.000	0.000	1.7461036173	1.684	0.062
20161110	1.5562470889	1.322	0.0	1.9	1.35	1.35	0.0	0.00	127.3	0.0	0.0	12.8	0.000	0.000	1.5562470889	1.501	0.056
20161111	1.8842395255	1.636	6.9	1.3	0.94	0.94	0.0	0.00	128.9	4.4	0.7	14.5	0.000	0.1103493783	1.7738901472	1.808	0.076
20161112	1.6605369910	1.396	0.0	-1.5	1.30	1.30	0.0	0.00	127.6	0.0	0.0	13.6	0.000	0.000	1.660536991	1.593	0.067
20161113	1.4799842533	1.276	0.0	3.8	1.49	1.49	0.0	0.00	126.1	0.0	0.0	12.1	0.000	0.000	1.4799842533	1.420	0.060
20161114	1.3190632922	1.194	0.0	5.9	1.56	1.56	0.0	0.00	124.5	0.0	0.0	10.8	0.000	0.000	1.3190632922	1.266	0.053
20161115	1.5210411549	1.280	5.3	6.7	1.24	1.24	0.0	0.00	125.4	3.2	0.0	12.5	0.000	0.000	1.5210411549	1.456	0.065
20161116	1.8480651706	2.137	7.1	7.0	0.98	0.98	0.0	0.00	127.2	4.4	0.7	14.3	0.000	0.1055529622	1.7425122084	1.766	0.083
20161117	1.6493882986	1.639	0.3	4.5	0.81	0.81	0.0	0.00	126.5	0.2	0.0	13.5	0.000	0.000	1.6493882986	1.576	0.074
20161118	1.4700477754	1.379	0.0	5.8	1.22	1.22	0.0	0.00	125.3	0.0	0.0	12.0	0.000	0.000	1.4700477754	1.404	0.066
20161119	1.3102072228	1.267	0.0	7.1	1.07	1.07	0.0	0.00	124.2	0.0	0.0	10.7	0.000	0.000	1.3102072228	1.252	0.058
20161120	2.1346614161	1.552	13.0	0.6	0.69	0.69	0.0	0.00	128.5	8.0	3.8	12.7	0.000	0.5800588425	1.5546025736	2.040	0.095
20161121	1.8100065655	1.462	4.8	-4.3	1.25	1.25	2.7	1.00	127.3	0.0	0.2	14.5	0.000	0.037582123	1.7724244425	1.729	0.081
20161122	1.6067900322	1.288	1.0	-4.6	0.00	1.08	3.3	1.00	127.3	0.0	0.0	13.2	0.000	0.000	1.6067900322	1.535	0.072
20161123	1.4320812839	1.220	0.0	-4.0	0.00	0.94	3.3	1.00	127.3	0.0	0.0	11.7	0.000	0.000	1.4320812839	1.368	0.064
20161124	1.2763688863	1.206	4.3	-3.0	0.00	0.38	5.8	1.00	127.3	0.0	0.0	10.5	0.000	0.000	1.2763688863	1.220	0.057
20161125	1.1375873367	1.205	2.5	-0.8	0.00	0.52	7.2	1.00	127.3	0.0	0.0	9.3	0.000	0.000	1.1375873367	1.087	0.051
20161126	1.0814813311	1.284	0.8	0.9	0.00	0.48	7.0	1.00	127.7	0.6	0.0	8.9	0.000	0.000	1.0814813311	1.033	0.048
20161127	0.9638902048	1.335	0.3	-2.1	0.00	1.19	7.2	1.00	127.7	0.0	0.0	7.9	0.000	0.000	0.9638902048	0.921	0.043
20161128	0.8590849423	1.177	0.3	-4.0	0.00	1.05	7.4	1.00	127.7	0.0	0.0	7.0	0.000	0.000	0.8590849423	0.821	0.038
20161129	0.7656753170	3.182	19.3	-3.0	0.00	0.29	18.4	1.00	127.7	0.0	0.0	6.3	0.000	0.000	0.765675317	0.731	0.034
20161130	1.0705198708	4.084	4.1	1.8	0.00	0.22	16.9	1.00	129.7	3.6	0.0	8.8	0.000	0.0012414125	1.0692784583	1.015	0.055
20161201	2.9952141207	7.248	15.5	3.3	0.00	0.65	9.3	1.00	136.6	16.2	11.0	11.0	0.000	1.655343757	1.3398703638	2.738	0.257
20161202	3.1944887946	4.211	6.1	0.7	0.00	0.72	9.0	1.00	138.1	4.9	10.7	13.0	0.000	1.6134483989	1.5810403957	2.913	0.282
20161203	2.7314844459	3.390	7.1	-2.2	0.00	1.31	13.0	1.00	138.1	0.0	6.2	14.7	0.000	0.9354968063	1.7959876396	2.492	0.239
20161204	2.3339863683	2.945	0.0	-5.7	0.00	1.15	13.0	1.00	138.1	0.0	2.3	16.3	0.000	0.3464230288	1.9875633396	2.131	0.203
20161205	2.0211065646	2.708	7.1	-6.1	0.00	0.85	17.1	1.00	138.1	0.0	0.0	16.6	0.000	0.000	2.0211065646	1.846	0.175
20161206	1.8013485434	2.507	1.8	-3.1	0.00	0.95	18.1	1.00	138.1	0.0	0.0	14.8	0.000	0.000	1.8013485434	1.645	0.156
20161207	1.6054851494	2.439	2.8	-2.8	0.00	1.20	19.7	1.00	138.1	0.0	0.0	13.2	0.000	0.000	1.6054851494	1.466	0.139
20161208	1.4309182831	2.369	0.8	-2.1	0.00	0.41	20.2	1.00	138.1	0.0	0.0	11.7	0.000	0.000	1.4309182831	1.307	0.124
20161209	1.2753323403	2.236	5.3	-8.1	0.00	0.68	23.2	1.00	138.1	0.0	0.0	10.5	0.000	0.000	1.2753323403	1.165	0.110
20161210	1.1366634960	2.098	0.3	-12.6	0.00	0.74	23.4	1.00	138.1	0.0	0.0	9.3	0.000	0.000	1.136663496	1.038	0.098
20161211	1.0130723282	2.008	0.5	-11.5	0.00	0.65	23.7	1.00	138.1	0.0	0.0	8.3	0.000	0.000	1.0130723282	0.925	0.088
20161212	0.9029194178	1.916	16.3	-5.5	0.00	0.33	33.0	1.00	138.1	0.0	0.0	7.4	0.000	0.000	0.9029194178	0.825	0.078
20161213	0.8047436026	1.814	0.8	-3.4	0.00	0.88	33.5	1.00	138.1	0.0	0.0	6.6	0.000	0.000	0.8047436026	0.735	0.070
20161214	0.7172425946	1.784	1.8	-8.4	0.00	0.64	34.5	1.00	138.1	0.0	0.0	5.9	0.000	0.000	0.7172425946	0.655	0.062
20161215	0.6392557056	1.704	2.3	-16.3	0.00	0.54	35.8	1.00	138.1	0.0	0.0	5.2	0.000	0.000	0.6392557056	0.584	0.055
20161216	0.5697484509	1.639	0.0	-22.0	0.00	0.95	35.8	1.00	138.1	0.0	0.0	4.7	0.000	0.000	0.5697484509	0.520	0.049
20161217	0.5077988267	1.588	8.1	-11.0	0.00	0.60	40.4	1.00	138.1	0.0	0.0	4.2	0.000	0.000	0.5077988267	0.464	0.044
20161218	0.4525850803	5.114	19.8	-6.9	0.00	1.02	51.8	1.00	138.1	0.0	0.0	3.7	0.000	0.000	0.4525850803	0.413	0.039
20161219	0.4033748093	2.712	0.0	-16.7	0.00	0.82	51.8	1.00	138.1	0.0	0.0	3.3	0.000	0.000	0.4033748093	0.368	0.035
20161220	0.3595152467	2.109	0.0	-14.1	0.00	0.36	51.8	1.00	138.1	0.0	0.0	2.9	0.000	0.000	0.3595152467	0.328	0.031
20161221	0.3204246017	1.829	0.0	-5.1	0.00	0.58	51.8	1.00	138.1	0.0	0.0	2.6	0.000	0.000	0.3204246017	0.293	0.028
20161222	0.2855843426	1.712	3.0	-2.8	0.00	0.24	53.5	1.00	138.1	0.0	0.0	2.3	0.000	0.000	0.2855843426	0.261	0.025
20161223	0.2545323184	1.629	0.3	-2.2	0.00	1.01	53.7	1.00	138.1	0.0	0.0	2.1	0.000	0.000	0.2545323184	0.232	0.022
20161224	0.2268566284	1.599	3.3	-2.6	0.00	1.04	55.6	1.00	138.1	0.0	0.0	1.9	0.000	0.000	0.2268566284	0.207	0.020
20161225	0.2021901588	1.515	1.0	-8.0	0.00	1.27	56.1	1.00	138.1	0.0	0.0	1.7	0.000	0.000	0.2021901588	0.185	0.018
20161226	0.1802057123	1.499	2.3	-8.4	0.00	1.48	57.4	1.00	138.1	0.0	0.0	1.5	0.000	0.000	0.1802057123	0.165	0.016
20161227	0.2922025859	2.544	7.1	0.7	0.00	0.74	63.0	1.00	138.5	1.2	0.0	2.4	0.000	0.000	0.2922025859	0.265	0.027
20161228	0.2604309499	1.938	0.5	-6.9	0.00	0.69	63.3	1.00	138.5	0.0	0.0	2.1	0.000	0.000	0.2604309499	0.236	0.024
20161229	0.2321138927	1.669	10.2	-5.6	0.00	0.26	69.1	1.00	138.5	0.0	0.0	1.9	0.000	0.000	0.2321138927	0.211	0.022
20161230	0.2068757926	1.556	11.7	-7.6	0.00	1.10	75.8	1.00	138.5	0.0	0.0	1.7	0.000	0.000	0.2068757926	0.188	0.019
20161231	0.1843818699	1.470	3.8	-11.1	0.00	0.60	78.0	1.00	138.5	0.0	0.0	1.5	0.000	0.000	0.1843818699	0.167	0.017
20170101	0.1643337460	1.400	4.8	-5.6	0.00	0.77	80.7	1.00	138.5	0.0	0.0	1.3	0.000	0.000	0.164333746	0.149	0.015
20170102	0.1464654854	1.375	0.0	-5.1	0.00	0.84	80.7	1.00	138.5	0.0	0.0	1.2	0.000	0.000	0.1464654854	0.133	0.014
20170103	0.1305400682	1.380	3.6	-3.8	0.00	0.53	82.8	1.00	138.5	0.0	0.0	1.1	0.000	0.000	0.1305400682	0.118	0.012
20170104	0.1163462461	1.661	8.1	-2.4	0.00	0.76	87.4	1.00	138.5	0.0	0.0	1.0	0.000	0.000	0.1163462461	0.106	0.011
20170105	0.1036957400	1.519	1.5	-7.9	0.00	1.25	88.3	1.00	138.5	0.0	0.0	0.8	0.000	0.000	0.10369574	0.094	0.010
20170106	0.0924207429	1.404	0.5	-11.2	0.00	0.64	88.5	1.00	138.5	0.0	0.0	0.8	0.000	0.000	0.0924207429	0.084	0.009
20170107	0.0823716936	1.323	0.0	-13.2	0.00	0.70	88.5	1.00	138.5	0.0	0.0	0.7	0.000	0.000	0.0823716936	0.075	0.008
20170108	0.0734152928	1.271	0.5	-16.6	0.00	0.85	88.8	1.00	138.5	0.0	0.0	0.6	0.000	0.000	0.0734152928	0.067	0.007
20170109	0.0654327353	1.208	0.0	-18.9	0.00	0.59	88.8	1.00	138.5	0.0	0.0	0.5	0.000	0.000	0.0654327353	0.059	0.006
20170110	0.0583181335	1.118	1.5	-9.8	0.00	0.37	89.7	1.00	138.5	0.0	0.0	0.5	0.000	0.000	0.0583181335	0.053	0.005
20170111	0.1503606475	1.084	6.1	2.0	0.00	1.44	94.6	1.00	138.8	0.9	0.0	1.2	0.000	0.000	0.1503606475	0.135	0.015
20170112	1.5966526295	2.256	6.4	3.5	0.00	0.35	86.3	1.00	141.7	11.8	7.1	4.3	0.000	1.0757847316	0.520867898	1.381	0.215
20170113	1.3194088722	3.207	1.8	-5.7	0.00	1.53	87.4	1.00	141.7	0.0	3.1	7.0	0.000	0.4683195462	0.851089326	1.142	0.178
20170114	1.0960493488	1.876	0.3	-15.0	0.00	0.87	87.5	1.00	141.7	0.0	0.0	9.0	0.000	0.000	1.0960493488	0.949	0.147
20170115	0.9768742196	1.557	0.5	-11.0	0.00	0.73	87.8	1.00	141.7	0.0	0.0	8.0	0.000	0.000	0.9768742196	0.846	0.131
20170116	0.8706571852	1.430	0.0	-8.3	0.00	0.51	87.8	1.00	141.7	0.0	0.0	7.1	0.000	0.000	0.8706571852	0.754	0.117
20170117	0.7759892921	1.395	2.0	-4.8	0.00	1.26	89.0	1.00	141.7	0.0	0.0	6.4	0.000	0.000	0.7759892921	0.672	0.104
20170118	0.6916147845	1.369	4.1	-2.4	0.00	0.40	91.3	1.00	141.7	0.0	0.0	5.7	0.000	0.000	0.6916147845	0.599	0.093
20170119	0.6164144466	1.326	2.0	-1.4	0.00	0.67	92.5	1.00	141.7	0.0	0.0	5.1	0.000	0.000	0.6164144466	0.534	0.083
20170120	0.5493907570	1.265	0.3	-1.5	0.00	0.91	92.6	1.00	141.7	0.0	0.0	4.5	0.000	0.000	0.549390757	0.476	0.074
20170121	0.4896546562	1.244	0.8	-0.2	0.00	0.90	93.1	1.00	141.7	0.0	0.0	4.0	0.000	0.000	0.4896546562	0.424	0.066
20170122	0.4364137533	1.254	1.3	0.7	0.00	1.01	94.4	1.00	141.7	0.0	0.0	3.6	0.000	0.000	0.4364137533	0.378	0.059
20170123	0.3889618156	1.298	0.8	-2.3	0.00	1.07	94.9	1.00	141.7	0.0	0.0	3.2	0.000	0.000	0.3889618156	0.337	0.052
20170124	0.3466693999	1.567	21.6	-2.0	0.00	0.98	107.2	1.00	141.7	0.0	0.0	2.8	0.000	0.000	0.3466693999	0.300	0.047
20170125	0.3089755036	1.498	0.8	-3.9	0.00	1.19	107.7	1.00	141.7	0.0	0.0	2.5	0.000	0.000	0.3089755036	0.267	0.042
20170126	0.2753801225	1.902	8.1	0.4	0.00	0.78	112.3	1.00	141.7	0.0	0.0	2.3	0.000	0.000	0.2753801225	0.238	0.037
20170127	0.2454376188	1.791	13.7	-3.7	0.00	1.47	120.1	1.00	141.7	0.0	0.0	2.0	0.000	0.000	0.2454376188	0.212	0.033
20170128	0.2187508095	1.569	2.3	-3.5	0.00	1.33	121.5	1.00	141.7	0.0	0.0	1.8	0.000	0.000	0.2187508095	0.189	0.029
20170129	0.1949656980	1.462	2.0	-3.4	0.00	1.00	122.6	1.00	141.7	0.0	0.0	1.6	0.000	0.000	0.194965698	0.169	0.026
20170130	0.1737667782	1.415	1.5	-11.3	0.00	1.16	123.5	1.00	141.7	0.0	0.0	1.4	0.000	0.000	0.1737667782	0.150	0.023
20170131	0.1548728495	1.349	0.0	-13.2	0.00	0.95	123.5	1.00	141.7	0.0	0.0	1.3	0.000	0.000	0.1548728495	0.134	0.021
20170201	0.1380332867	1.268	2.8	-8.3	0.00	0.76	125.1	1.00	141.7	0.0	0.0	1.1	0.000	0.000	0.1380332867	0.119	0.019
20170202	0.1230247154	1.215	1.3	-8.2	0.00	0.85	125.8	1.00	141.7	0.0	0.0	1.0	0.000	0.000	0.1230247154	0.106	0.017
20170203	0.1096480491	1.171	2.8	-9.7	0.00	0.43	127.4	1.00	141.7	0.0	0.0	0.9	0.000	0.000	0.1096480491	0.095	0.015
20170204	0.0977258483	1.123	1.8	-10.3	0.00	0.93	128.4	1.00	141.7	0.0	0.0	0.8	0.000	0.000	0.0977258483	0.085	0.013
20170205	0.0870999667	1.086	1.5	-7.0	0.00	0.87	129.3	1.00	141.7	0.0	0.0	0.7	0.000	0.000	0.0870999667	0.075	0.012
20170206	0.0776294536	1.073	3.8	-9.8	0.00	0.98	131.5	1.00	141.7	0.0	0.0	0.6	0.000	0.000	0.0776294536	0.067	0.010
20170207	0.0691886838	1.058	12.4	-8.4	0.00	0.48	138.6	1.00	141.7	0.0	0.0	0.6	0.000	0.000	0.0691886838	0.060	0.009
20170208	0.0616656920	1.233	6.1	-1.1	0.00	0.79	142.1	1.00	141.7	0.0	0.0	0.5	0.000	0.000	0.061665692	0.053	0.008
20170209	0.0549606866	1.153	5.6	-13.0	0.00	0.50	145.3	1.00	141.7	0.0	0.0	0.5	0.000	0.000	0.0549606866	0.048	0.007
20170210	0.0489847267	1.103	1.8	-17.8	0.00	0.54	146.3	1.00	141.7	0.0	0.0	0.4	0.000	0.000	0.0489847267	0.042	0.007
20170211	0.0436585421	1.056	1.8	-13.6	0.00	0.30	147.3	1.00	141.7	0.0	0.0	0.4	0.000	0.000	0.0436585421	0.038	0.006
20170212	0.0389114818	1.016	17.0	-10.8	0.00	0.35	157.0	1.00	141.7	0.0	0.0	0.3	0.000	0.000	0.0389114818	0.034	0.005
20170213	0.0346805766	0.999	5.3	-7.2	0.00	0.49	160.1	1.00	141.7	0.0	0.0	0.3	0.000	0.000	0.0346805766	0.030	0.005
20170214	0.0309097042	0.961	5.6	-8.2	0.00	0.67	163.3	1.00	141.7	0.0	0.0	0.3	0.000	0.000	0.0309097042	0.027	0.004
20170215	0.0275488446	0.919	6.1	-4.5	0.00	0.30	166.8	1.00	141.7	0.0	0.0	0.2	0.000	0.000	0.0275488446	0.024	0.004
20170216	0.0245534164	0.920	5.3	-6.0	0.00	0.39	169.8	1.00	141.7	0.0	0.0	0.2	0.000	0.000	0.0245534164	0.021	0.003
20170217	0.0218836857	0.919	1.3	-7.1	0.00	1.21	170.5	1.00	141.7	0.0	0.0	0.2	0.000	0.000	0.0218836857	0.019	0.003
20170218	0.0195042390	0.916	0.0	-3.1	0.00	1.16	170.5	1.00	141.7	0.0	0.0	0.2	0.000	0.000	0.019504239	0.017	0.003
20170219	0.0173835131	1.334	0.0	3.8	0.00	1.58	170.5	1.00	141.7	0.0	0.0	0.1	0.000	0.000	0.0173835131	0.015	0.002
20170220	0.0154933770	1.259	0.0	-3.8	0.00	0.87	170.5	1.00	141.7	0.0	0.0	0.1	0.000	0.000	0.015493377	0.013	0.002
20170221	0.0138087583	1.109	0.3	-4.1	0.00	1.11	170.7	1.00	141.7	0.0	0.0	0.1	0.000	0.000	0.0138087583	0.012	0.002
20170222	0.1069342778	1.144	0.0	4.3	0.00	1.45	169.7	1.00	141.9	0.9	0.0	0.9	0.000	0.000	0.1069342778	0.092	0.015
20170223	1.9412468738	2.027	0.0	6.7	0.00	1.00	152.3	1.00	144.5	14.7	9.7	4.0	0.000	1.4590835296	0.4821633441	1.489	0.452
20170224	2.7100674684	3.357	0.8	3.7	0.00	0.34	143.6	1.00	145.7	8.3	12.5	6.7	0.000	1.8934742906	0.8165931778	2.026	0.684
20170225	7.8601259992	8.691	19.3	5.3	0.00	0.41	130.4	1.00	148.6	29.6	31.9	9.1	1.6809669771	5.0644990802	1.1146599419	5.474	2.386
20170226	5.4700138622	8.663	4.1	-4.7	0.00	1.30	132.7	1.00	148.6	0.0	24.2	11.3	0.3759440366	3.7137523766	1.3803174489	3.820	1.650
20170227	4.3282602615	4.705	0.8	-2.9	0.00	1.37	133.2	1.00	148.6	0.0	18.0	13.3	0.000	2.7111706543	1.6170896072	3.027	1.301
20170228	3.8192445979	3.766	0.3	1.3	0.00	1.26	132.6	1.00	148.6	0.8	13.2	15.0	0.000	1.991127433	1.8281171649	2.669	1.150
20170301	5.8918611425	7.047	9.1	4.1	0.00	0.66	122.8	1.00	149.7	17.9	23.6	16.5	0.2707692073	3.604892563	2.0161993722	3.980	1.912
20170302	4.8142013774	9.705	5.8	-3.1	0.00	0.59	126.1	1.00	149.7	0.0	17.4	17.9	0.000	2.6303702651	2.1838311122	3.258	1.556
20170303	4.1523386694	5.714	0.0	-11.0	0.00	0.69	126.1	1.00	149.7	0.0	12.1	19.1	0.000	1.8191026737	2.3332359957	2.812	1.340
20170304	3.5805861593	4.437	1.8	-16.5	0.00	0.48	127.2	1.00	149.7	0.0	7.4	20.2	0.000	1.1141903026	2.4663958566	2.426	1.154
20170305	3.0867672811	3.799	0.0	-13.3	0.00	0.90	127.2	1.00	149.7	0.0	3.3	21.2	0.000	0.5016902397	2.5850770414	2.093	0.993
20170306	2.6655469195	3.523	0.3	-7.5	0.00	0.94	127.3	1.00	149.7	0.0	0.0	21.8	0.000	0.000	2.6655469195	1.809	0.856
20170307	2.3757179087	3.396	4.3	-1.0	0.00	0.21	129.8	1.00	149.7	0.0	0.0	19.5	0.000	0.000	2.3757179087	1.612	0.763
20170308	2.9440658777	4.642	6.4	3.9	0.00	1.15	128.9	1.00	150.1	6.9	2.9	20.5	0.000	0.4398072317	2.504258646	1.961	0.983
20170309	2.5489192773	3.849	6.1	-3.0	0.00	1.18	132.4	1.00	150.1	0.0	0.0	20.9	0.000	0.000	2.5489192773	1.700	0.849
20170310	2.2717713692	3.300	2.8	-9.0	0.00	0.54	134.0	1.00	150.1	0.0	0.0	18.6	0.000	0.000	2.2717713692	1.515	0.757
20170311	2.0247581788	2.960	0.8	-19.8	0.00	0.70	134.5	1.00	150.1	0.0	0.0	16.6	0.000	0.000	2.0247581788	1.350	0.674
20170312	1.8046031120	2.586	0.0	-16.5	0.00	1.08	134.5	1.00	150.1	0.0	0.0	14.8	0.000	0.000	1.804603112	1.204	0.601
20170313	1.6083858437	2.328	0.0	-13.2	0.00	1.41	134.5	1.00	150.1	0.0	0.0	13.2	0.000	0.000	1.6083858437	1.073	0.536
20170314	1.4335035805	2.261	34.3	-9.9	0.00	0.45	154.1	1.00	150.1	0.0	0.0	11.8	0.000	0.000	1.4335035805	0.956	0.477
20170315	1.2776365343	2.166	8.9	-9.4	0.00	0.27	159.2	1.00	150.1	0.0	0.0	10.5	0.000	0.000	1.2776365343	0.852	0.426
20170316	1.1387171515	2.038	2.8	-9.7	0.00	1.05	160.8	1.00	150.1	0.0	0.0	9.3	0.000	0.000	1.1387171515	0.759	0.379
20170317	1.0149026865	1.945	1.5	-8.5	0.00	0.99	161.7	1.00	150.1	0.0	0.0	8.3	0.000	0.000	1.0149026865	0.677	0.338
20170318	0.9045507585	1.869	0.0	-5.7	0.00	0.98	161.7	1.00	150.1	0.0	0.0	7.4	0.000	0.000	0.9045507585	0.603	0.301
20170319	0.8061975652	1.825	0.0	-3.1	0.00	1.17	161.7	1.00	150.1	0.0	0.0	6.6	0.000	0.000	0.8061975652	0.538	0.269
20170320	0.7185384656	1.843	0.0	-0.6	0.00	1.31	161.7	1.00	150.1	0.0	0.0	5.9	0.000	0.000	0.7185384656	0.479	0.239
20170321	0.6404106745	1.806	0.0	0.8	0.00	1.21	161.7	1.00	150.1	0.0	0.0	5.2	0.000	0.000	0.6404106745	0.427	0.213
20170322	0.5707778382	1.687	3.3	-8.8	0.00	1.13	163.6	1.00	150.1	0.0	0.0	4.7	0.000	0.000	0.5707778382	0.381	0.190
20170323	0.5087162872	1.582	0.0	-10.2	0.00	0.99	163.6	1.00	150.1	0.0	0.0	4.2	0.000	0.000	0.5087162872	0.339	0.169
20170324	0.4534027839	1.571	10.4	-6.1	0.00	0.38	169.5	1.00	150.1	0.0	0.0	3.7	0.000	0.000	0.4534027839	0.302	0.151
20170325	0.4041036028	1.515	0.5	-4.5	0.00	0.43	169.8	1.00	150.1	0.0	0.0	3.3	0.000	0.000	0.4041036028	0.270	0.135
20170326	0.3601647973	1.503	0.3	-2.8	0.00	1.24	170.0	1.00	150.1	0.0	0.0	3.0	0.000	0.000	0.3601647973	0.240	0.120
20170327	0.3210035257	1.841	10.4	-0.3	0.00	0.50	175.9	1.00	150.1	0.0	0.0	2.6	0.000	0.000	0.3210035257	0.214	0.107
20170328	0.2861003193	2.141	1.5	2.7	0.00	0.26	177.4	1.00	150.1	0.0	0.0	2.3	0.000	0.000	0.2861003193	0.191	0.095
20170329	0.2549921921	2.051	1.0	-0.3	0.00	0.93	178.0	1.00	150.1	0.0	0.0	2.1	0.000	0.000	0.2549921921	0.170	0.085
20170330	0.2272664994	1.816	0.0	0.7	0.00	1.91	178.0	1.00	150.1	0.0	0.0	1.9	0.000	0.000	0.2272664994	0.152	0.076
20170331	0.2025554638	1.761	11.7	0.3	0.00	1.40	184.7	1.00	150.1	0.0	0.0	1.7	0.000	0.000	0.2025554638	0.135	0.067
20170401	0.8057615631	1.659	16.0	0.7	0.00	0.60	195.1	1.00	150.3	5.4	1.6	4.7	0.000	0.2383740714	0.5673874918	0.519	0.287
20170402	1.3768683259	1.886	0.3	2.6	0.00	0.74	189.5	1.00	150.5	5.7	3.2	7.3	0.000	0.484317553	0.8925507729	0.881	0.496
20170403	1.8630026068	2.019	0.0	2.6	0.00	1.20	183.8	1.00	150.7	5.5	4.5	9.7	0.000	0.6806440557	1.182358551	1.185	0.678
20170404	3.0603649808	2.412	10.4	1.1	0.00	0.39	182.4	1.00	151.0	11.4	10.7	11.8	0.000	1.6197098965	1.4406550843	1.937	1.124
20170405	3.2381223571	2.592	2.0	1.6	0.00	0.79	179.5	1.00	151.2	4.8	10.4	13.7	0.000	1.5672557183	1.6708666388	2.046	1.192
20170406	5.1679168347	3.849	15.2	1.8	0.00	0.60	176.0	1.00	151.5	18.3	21.8	15.4	0.000	3.2918698974	1.8760469373	3.279	1.889
20170407	6.5997176824	5.213	8.4	1.9	0.00	0.22	172.4	1.00	151.7	11.8	25.5	16.9	0.5976125653	3.9431874502	2.0589176668	4.203	2.397
20170408	5.1033717171	3.902	5.1	-2.4	0.00	0.75	175.3	1.00	151.7	0.0	19.1	18.2	0.000	2.881467136	2.2219045811	3.249	1.854
20170409	5.1106573353	3.904	0.3	2.7	0.00	1.57	170.2	1.00	151.8	5.4	18.2	19.4	0.000	2.7434876575	2.3671696778	3.256	1.855
20170410	9.9339624410	8.742	0.0	10.1	0.00	1.86	143.2	1.00	152.1	26.7	33.9	20.5	2.0209394647	5.416383099	2.4966398773	6.038	3.896
20170411	15.5040705429	18.395	1.0	11.7	0.00	1.22	111.9	1.00	152.3	32.2	49.6	21.4	4.7013408848	8.1906970748	2.6120325833	8.654	6.850
20170412	15.1688306331	18.372	0.3	5.7	0.00	0.54	97.3	1.00	152.4	14.8	48.3	22.3	4.4860692001	7.9678829699	2.714878463	8.169	7.000
20170413	14.2113127467	13.782	2.0	4.1	0.00	1.57	87.4	1.00	152.4	11.9	45.3	23.0	3.9705103654	7.434260629	2.8065417523	7.414	6.797
20170414	13.6251658094	13.201	0.3	4.9	0.00	1.95	75.3	1.00	152.4	12.4	43.4	23.7	3.64233765	7.094589808	2.8882383514	6.840	6.785
20170415	17.3003458895	15.518	5.6	8.6	0.00	2.10	52.5	1.00	152.5	28.3	53.8	24.3	5.4125103395	8.9267835963	2.9610519537	7.904	9.396
20170416	23.1165404986	26.883	7.9	12.0	0.00	2.40	20.2	1.00	152.5	40.2	70.3	24.8	8.2386500346	11.8519420427	3.0259484213	9.494	13.623
20170417	20.5317443942	21.485	1.3	4.9	0.00	2.57	8.1	1.00	152.5	13.4	62.7	25.3	6.9400807195	10.5078750786	3.0837885962	8.215	12.316
20170418	17.2481417081	13.829	0.0	3.8	0.00	2.28	0.0	0.00	152.5	8.1	53.1	25.7	5.301214095	8.811587893	3.1353397201	6.792	10.456
20170419	15.0838249647	12.714	9.1	4.2	1.35	1.35	0.0	0.00	151.2	9.1	46.7	26.1	4.2151095645	7.6874297891	3.181285611	5.891	9.193
20170420	11.5929650966	11.894	1.8	5.3	1.83	1.83	0.0	0.00	149.4	1.8	36.6	26.4	2.4796077408	5.8911216211	3.2222357347	4.567	7.026
20170421	11.9905903248	12.750	14.0	3.8	1.76	1.76	0.0	0.00	148.3	13.3	37.6	26.7	2.6570628527	6.0747941835	3.2587332886	4.768	7.222
20170422	9.6465137921	10.227	3.3	4.1	1.26	1.26	0.0	0.00	147.3	3.1	30.8	27.0	1.4892187581	4.8660326267	3.2912624073	3.880	5.766
20170423	7.1908414948	8.719	0.3	7.7	2.25	2.25	0.0	0.00	145.1	0.3	23.6	27.2	0.2682754634	3.6023114464	3.320254585	2.927	4.264
20170424	5.9745488492	7.746	0.0	7.9	2.32	2.32	0.0	0.00	142.7	0.0	17.4	27.4	0.000	2.6284544505	3.3460943987	2.444	3.530
20170425	5.5513269422	7.046	3.3	7.4	1.46	1.46	0.0	0.00	141.8	2.8	14.5	27.6	0.000	2.1822023324	3.3691246098	2.283	3.269
20170426	5.1234000159	7.088	2.8	11.1	0.33	0.33	0.0	0.00	142.0	2.3	11.5	27.8	0.000	1.7337493053	3.3896507106	2.119	3.005
20170427	4.5565388824	5.852	1.0	14.7	1.39	1.39	0.0	0.00	140.7	0.8	7.6	27.9	0.000	1.1485939054	3.407944977	1.890	2.667
20170428	4.0089113571	5.034	0.5	16.6	2.27	2.27	0.0	0.00	138.6	0.4	3.9	28.1	0.000	0.5846612775	3.4242500796	1.666	2.343
20170429	3.5619038308	4.349	0.8	12.4	2.26	2.26	0.0	0.00	136.5	0.6	0.8	28.2	0.000	0.1231215273	3.4387823035	1.484	2.078
20170430	3.2348645280	3.884	1.0	2.7	2.08	2.08	0.0	0.00	134.7	0.7	0.0	26.5	0.000	0.000	3.234864528	1.351	1.884
20170501	4.6622393655	5.573	18.8	6.2	0.81	0.81	0.0	0.00	138.5	14.2	9.2	26.8	0.000	1.3922504317	3.2699889338	2.132	2.531
20170502	5.5275635736	8.210	14.2	7.9	0.46	0.46	0.0	0.00	140.9	11.3	14.8	27.1	0.000	2.2262693646	3.3012942089	2.679	2.848
20170503	5.2576114735	6.038	4.3	3.5	1.36	1.36	0.0	0.00	140.3	3.5	12.8	27.3	0.000	1.92841586	3.3291956134	2.583	2.674
20170504	4.5632360498	4.732	0.0	8.2	1.64	1.64	0.0	0.00	138.7	0.0	8.0	27.5	0.000	1.2091727945	3.3540632554	2.235	2.329
20170505	5.0428267701	5.350	10.4	7.0	0.94	0.94	0.0	0.00	139.9	8.3	11.0	27.7	0.000	1.6665997697	3.3762270004	2.589	2.454
20170506	5.0744587435	5.489	6.6	10.7	1.66	1.66	0.0	0.00	139.5	5.3	11.1	27.8	0.000	1.6784778961	3.3959808474	2.674	2.400
20170507	6.0020714747	5.798	15.0	7.3	1.15	1.15	0.0	0.00	141.2	12.2	17.2	28.0	0.000	2.5884846464	3.4135868283	3.368	2.634
20170508	5.3512248058	6.016	1.3	2.5	0.82	0.82	0.0	0.00	140.6	1.1	12.7	28.1	0.000	1.921946322	3.4292784838	3.008	2.344
20170509	4.8058271234	4.609	1.5	2.6	1.58	1.58	0.0	0.00	139.3	1.2	9.0	28.2	0.000	1.3625631619	3.4432639615	2.709	2.097
20170510	4.1732307942	4.126	0.0	5.0	2.74	2.74	0.0	0.00	136.6	0.0	4.8	28.3	0.000	0.7175020174	3.4557287767	2.345	1.828
20170511	3.6238451033	3.709	0.0	8.4	3.02	3.02	0.0	0.00	133.5	0.0	1.0	28.4	0.000	0.1570068299	3.4668382735	2.029	1.595
20170512	3.2030325365	3.391	0.0	11.1	3.24	3.24	0.0	0.00	130.3	0.0	0.0	26.3	0.000	0.000	3.2030325365	1.791	1.412
20170513	2.8763627945	3.144	0.3	11.2	1.60	1.60	0.0	0.00	128.8	0.2	0.0	23.6	0.000	0.000	2.8763627945	1.611	1.265
20170514	4.0707551745	4.331	17.8	6.5	1.83	1.83	0.0	0.00	132.7	12.1	7.4	24.2	0.000	1.1202875301	2.9504676444	2.505	1.565
20170515	4.5926219780	5.810	11.4	9.2	0.95	0.95	0.0	0.00	135.0	8.2	10.4	24.7	0.000	1.5761070179	3.0165149602	2.941	1.652
20170516	3.9784316398	3.745	0.0	13.1	2.19	2.19	0.0	0.00	132.8	0.0	6.0	25.2	0.000	0.90305079	3.0753808498	2.538	1.440
20170517	3.4460767676	3.165	0.0	18.7	3.44	3.44	0.0	0.00	129.4	0.0	2.1	25.6	0.000	0.3182306068	3.1278461608	2.190	1.256
20170518	3.0382759864	2.805	0.3	23.3	4.01	4.01	0.0	0.00	125.4	0.2	0.0	24.9	0.000	0.000	3.0382759864	1.929	1.110
20170519	2.7928264017	2.636	1.3	12.2	2.39	2.39	0.0	0.00	123.6	0.8	0.0	22.9	0.000	0.000	2.7928264017	1.781	1.011
20170520	2.4891580972	2.418	0.0	9.8	3.39	3.39	0.0	0.00	120.2	0.0	0.0	20.4	0.000	0.000	2.4891580972	1.588	0.902
20170521	2.2185081140	2.219	0.0	11.5	2.85	2.86	0.0	0.00	117.3	0.0	0.0	18.2	0.000	0.000	2.218508114	1.415	0.803
20170522	3.0782309021	3.539	16.5	9.5	1.40	1.40	0.0	0.00	123.4	9.0	4.7	19.4	0.000	0.7140883883	2.3641425137	2.107	0.971
20170523	2.6856532120	2.852	0.5	12.6	3.32	3.32	0.0	0.00	120.3	0.3	1.3	20.4	0.000	0.1917113505	2.4939418615	1.834	0.852
20170524	2.3609308878	2.244	0.0	15.0	1.73	1.74	0.0	0.00	118.6	0.0	0.0	19.4	0.000	0.000	2.3609308878	1.609	0.752
20170525	2.2060045654	2.041	1.8	12.9	2.20	2.24	0.0	0.00	117.2	0.9	0.0	18.1	0.000	0.000	2.2060045654	1.513	0.693
20170526	3.1657729486	3.859	17.8	10.1	2.73	2.73	0.0	0.00	122.6	9.8	5.4	19.3	0.000	0.8127744533	2.3529984952	2.311	0.854
20170527	2.7977590566	2.560	1.0	12.8	2.72	2.72	0.0	0.00	120.3	0.6	2.1	20.4	0.000	0.3137495073	2.4840095493	2.041	0.757
20170528	2.4400268380	2.063	0.0	15.1	3.51	3.53	0.0	0.00	116.8	0.0	0.0	20.0	0.000	0.000	2.440026838	1.776	0.664
20170529	2.4284427096	2.059	4.6	10.9	1.28	1.31	0.0	0.00	117.8	2.3	0.0	19.9	0.000	0.000	2.4284427096	1.789	0.639
20170530	2.4816251900	2.225	5.6	9.7	1.65	1.68	0.0	0.00	118.8	2.9	0.0	20.3	0.000	0.000	2.48162519	1.855	0.627
20170531	2.5958930956	2.843	6.6	13.2	3.00	3.02	0.0	0.00	118.8	3.5	0.0	21.3	0.000	0.000	2.5958930956	1.972	0.624
20170601	2.3589180016	2.295	0.8	12.9	4.90	4.97	0.0	0.00	114.3	0.4	0.0	19.3	0.000	0.000	2.3589180016	1.795	0.564
20170602	2.3268415548	2.017	4.3	8.3	3.91	4.09	0.0	0.00	112.7	2.1	0.0	19.1	0.000	0.000	2.3268415548	1.788	0.539
20170603	2.4102830353	2.394	6.6	8.1	3.09	3.26	0.0	0.00	113.1	3.1	0.0	19.8	0.000	0.000	2.4102830353	1.878	0.532
20170604	2.7621074684	2.436	10.9	12.4	3.66	3.81	0.0	0.00	115.0	5.3	1.5	20.8	0.000	0.2270420151	2.5350654533	2.202	0.561
20170605	2.7376758634	2.575	5.6	10.2	0.75	0.78	0.0	0.00	117.1	2.8	0.6	21.7	0.000	0.0913957761	2.6462800874	2.201	0.536
20170606	3.7521672072	4.855	19.3	8.2	2.92	2.92	0.0	0.00	122.9	10.6	6.7	22.5	0.000	1.0067650238	2.7454021834	3.123	0.629
20170607	3.2793271366	3.138	0.5	13.2	4.05	4.05	0.0	0.00	119.0	0.3	3.0	23.2	0.000	0.4455805549	2.8337465817	2.727	0.553
20170608	2.8467421005	2.305	0.0	17.6	5.47	5.54	0.0	0.00	113.6	0.0	0.0	23.3	0.000	0.000	2.8467421005	2.363	0.484
20170609	2.5372114593	2.020	0.0	15.1	2.87	3.05	0.0	0.00	110.7	0.0	0.0	20.8	0.000	0.000	2.5372114593	2.106	0.431
20170610	2.2613365602	1.809	0.0	15.7	4.28	4.67	0.0	0.00	106.4	0.0	0.0	18.5	0.000	0.000	2.2613365602	1.877	0.384
20170611	2.0366672529	1.552	0.5	21.5	3.35	3.80	0.0	0.00	103.4	0.2	0.0	16.7	0.000	0.000	2.0366672529	1.692	0.345
20170612	1.8152172941	1.316	0.0	22.7	4.16	4.86	0.0	0.00	99.2	0.0	0.0	14.9	0.000	0.000	1.8152172941	1.508	0.307
20170613	1.6178459296	1.124	0.0	18.9	3.85	4.68	0.0	0.00	95.4	0.0	0.0	13.3	0.000	0.000	1.6178459296	1.344	0.274
20170614	1.4419350566	1.042	0.0	13.4	4.99	6.32	0.0	0.00	90.4	0.0	0.0	11.8	0.000	0.000	1.4419350566	1.198	0.244
20170615	1.2851512431	0.959	0.0	14.2	4.46	5.96	0.0	0.00	85.9	0.0	0.0	10.5	0.000	0.000	1.2851512431	1.067	0.218
20170616	1.7791262236	2.700	19.8	13.0	2.87	3.72	0.0	0.00	97.4	5.4	1.6	12.6	0.000	0.2468552545	1.5322709691	1.526	0.253
20170617	1.5435640850	1.663	0.0	17.6	4.25	5.27	0.0	0.00	93.2	0.0	0.0	12.7	0.000	0.000	1.543564085	1.322	0.221
20170618	1.3847162318	1.247	0.3	21.3	3.57	4.63	0.0	0.00	89.8	0.1	0.0	11.4	0.000	0.000	1.3847162318	1.187	0.198
20170619	2.1933988400	4.466	24.9	20.5	3.72	4.57	0.0	0.00	103.1	7.9	3.8	13.3	0.000	0.5723887365	1.6210101036	1.948	0.246
20170620	2.5908615162	4.345	14.0	17.0	4.97	5.59	0.0	0.00	106.5	5.6	5.0	15.0	0.000	0.7592501364	1.8316113798	2.332	0.259
20170621	2.2125955271	2.347	0.0	14.6	4.39	4.97	0.0	0.00	102.1	0.0	1.3	16.6	0.000	0.1932818714	2.0193136557	1.988	0.225
20170622	1.9390415511	1.783	0.0	15.9	3.01	3.56	0.0	0.00	99.1	0.0	0.0	15.9	0.000	0.000	1.9390415511	1.741	0.198
20170623	2.7843058202	3.879	22.4	18.1	3.70	4.22	0.0	0.00	109.2	8.7	4.4	17.3	0.000	0.6692430407	2.1150627796	2.553	0.231
20170624	4.0668513082	6.725	26.2	17.1	4.73	4.93	0.0	0.00	117.8	12.8	11.9	18.6	0.000	1.7949063588	2.2719449494	3.795	0.272
20170625	4.0663012539	3.687	8.1	15.4	5.57	5.62	0.0	0.00	116.1	4.3	11.0	19.8	0.000	1.6545321739	2.41176908	3.807	0.259
20170626	3.5075845157	3.073	0.0	13.5	5.24	5.45	0.0	0.00	110.8	0.0	6.4	20.8	0.000	0.9711945977	2.5363899181	3.282	0.226
20170627	3.4328519770	2.639	6.9	13.7	3.31	3.55	0.0	0.00	111.3	3.1	5.2	21.7	0.000	0.785391436	2.647460541	3.221	0.212
20170628	3.0782533048	2.674	2.0	12.3	3.41	3.68	0.0	0.00	109.0	0.9	2.2	22.5	0.000	0.3317990203	2.7464542845	2.889	0.189
20170629	4.7921299435	5.470	32.3	13.3	2.72	2.80	0.0	0.00	122.3	16.3	13.0	23.2	0.000	1.9574456573	2.8346842862	4.566	0.226
20170630	4.3180438530	6.641	2.3	16.7	4.28	4.28	0.0	0.00	119.0	1.3	9.3	23.9	0.000	1.4047229487	2.9133209044	4.116	0.202
20170701	4.7378160272	6.016	13.7	17.6	3.87	3.87	0.0	0.00	121.2	7.6	11.6	24.5	0.000	1.754408785	2.9834072422	4.536	0.202
20170702	4.1613583461	4.657	0.8	18.5	5.70	5.70	0.0	0.00	115.9	0.4	7.4	25.0	0.000	1.1154853613	3.0458729849	3.983	0.178
20170703	3.7199925101	3.508	1.8	16.1	7.30	7.57	0.0	0.00	109.5	0.9	4.1	25.4	0.000	0.6184457787	3.1015467314	3.561	0.159
20170704	3.2221036105	2.884	0.0	16.0	6.62	7.29	0.0	0.00	102.9	0.0	0.5	25.8	0.000	0.0709366246	3.1511669859	3.083	0.139
20170705	2.8596571151	2.473	0.0	17.1	6.39	7.50	0.0	0.00	96.5	0.0	0.0	23.4	0.000	0.000	2.8596571151	2.736	0.124
20170706	2.5487222046	2.130	0.0	18.8	5.42	6.78	0.0	0.00	91.1	0.0	0.0	20.9	0.000	0.000	2.5487222046	2.439	0.110
20170707	2.3822278783	1.977	3.8	18.9	3.53	4.60	0.0	0.00	90.4	1.0	0.0	19.5	0.000	0.000	2.3822278783	2.282	0.101
20170708	2.4678084559	2.504	11.2	17.4	2.99	3.83	0.0	0.00	95.4	3.2	0.0	20.2	0.000	0.000	2.4678084559	2.371	0.097
20170709	2.2313449274	2.159	1.0	16.3	3.15	3.97	0.0	0.00	92.9	0.3	0.0	18.3	0.000	0.000	2.2313449274	2.144	0.087
20170710	1.9887273661	1.702	0.0	17.8	3.00	3.90	0.0	0.00	89.9	0.0	0.0	16.3	0.000	0.000	1.9887273661	1.911	0.077
20170711	1.8420177532	1.526	2.5	19.5	4.08	5.42	0.0	0.00	87.7	0.6	0.0	15.1	0.000	0.000	1.8420177532	1.772	0.070
20170712	1.6673398631	1.457	1.0	18.7	4.81	6.59	0.0	0.00	83.7	0.2	0.0	13.7	0.000	0.000	1.6673398631	1.604	0.063
20170713	1.7784375435	2.601	11.4	14.4	2.99	4.10	0.0	0.00	89.4	2.7	0.0	14.6	0.000	0.000	1.7784375435	1.717	0.061
20170714	1.7050758074	2.126	4.3	13.4	1.28	1.69	0.0	0.00	91.3	1.1	0.0	14.0	0.000	0.000	1.7050758074	1.648	0.057
20170715	1.5339019416	1.834	0.5	17.3	3.76	4.96	0.0	0.00	87.9	0.1	0.0	12.6	0.000	0.000	1.5339019416	1.483	0.051
20170716	1.3877307022	1.358	0.8	18.8	4.47	6.11	0.0	0.00	84.1	0.2	0.0	11.4	0.000	0.000	1.3877307022	1.342	0.046
20170717	1.5035476776	1.675	10.4	19.7	3.41	4.68	0.0	0.00	88.6	2.5	0.0	12.3	0.000	0.000	1.5035476776	1.459	0.044
20170718	1.3532097269	1.485	0.5	19.7	3.86	5.25	0.0	0.00	85.1	0.1	0.0	11.1	0.000	0.000	1.3532097269	1.313	0.040
20170719	1.2131762514	1.077	0.3	20.2	4.40	6.23	0.0	0.00	81.0	0.1	0.0	9.9	0.000	0.000	1.2131762514	1.178	0.036
20170720	1.0874959809	0.887	0.3	19.9	4.06	6.04	0.0	0.00	77.2	0.1	0.0	8.9	0.000	0.000	1.0874959809	1.056	0.032
20170721	0.9692508725	0.718	0.0	19.6	4.55	7.11	0.0	0.00	72.6	0.0	0.0	7.9	0.000	0.000	0.9692508725	0.941	0.028
20170722	0.8685486533	0.594	0.3	18.6	3.44	5.71	0.0	0.00	69.4	0.0	0.0	7.1	0.000	0.000	0.8685486533	0.843	0.025
20170723	0.7782782028	0.516	0.3	16.9	3.14	5.45	0.0	0.00	66.5	0.0	0.0	6.4	0.000	0.000	0.7782782028	0.756	0.023
20170724	0.9332698407	1.085	15.2	12.5	2.67	4.41	0.0	0.00	76.9	2.2	0.0	7.6	0.000	0.000	0.9332698407	0.910	0.023
20170725	0.8877571965	1.404	3.0	13.5	2.84	4.39	0.0	0.00	76.5	0.5	0.0	7.3	0.000	0.000	0.8877571965	0.867	0.021
20170726	0.8001876975	0.819	0.5	15.9	3.65	5.75	0.0	0.00	73.3	0.1	0.0	6.6	0.000	0.000	0.8001876975	0.781	0.019
20170727	0.7291851242	0.717	1.0	16.8	2.97	4.87	0.0	0.00	71.2	0.1	0.0	6.0	0.000	0.000	0.7291851242	0.712	0.017
20170728	0.6723713952	0.614	1.5	14.9	3.87	6.51	0.0	0.00	68.6	0.2	0.0	5.5	0.000	0.000	0.6723713952	0.657	0.015
20170729	0.5992634207	0.451	0.0	14.7	2.87	5.05	0.0	0.00	65.7	0.0	0.0	4.9	0.000	0.000	0.5992634207	0.586	0.014
20170730	0.5341045885	0.361	0.0	15.8	3.96	7.27	0.0	0.00	61.8	0.0	0.0	4.4	0.000	0.000	0.5341045885	0.522	0.012
20170731	0.4862659921	0.335	1.0	18.3	1.61	3.12	0.0	0.00	61.1	0.1	0.0	4.0	0.000	0.000	0.4862659921	0.475	0.011
20170801	0.4363738330	0.306	0.3	18.9	2.03	4.00	0.0	0.00	59.3	0.0	0.0	3.6	0.000	0.000	0.436373833	0.427	0.010
20170802	0.3889262358	0.233	0.0	19.7	2.18	4.43	0.0	0.00	57.1	0.0	0.0	3.2	0.000	0.000	0.3889262358	0.380	0.009
20170803	0.4619485307	0.809	11.2	19.8	3.29	6.39	0.0	0.00	64.0	1.1	0.0	3.8	0.000	0.000	0.4619485307	0.453	0.009
20170804	0.4229423597	0.534	1.0	19.7	3.10	5.81	0.0	0.00	61.8	0.1	0.0	3.5	0.000	0.000	0.4229423597	0.415	0.008
20170805	1.0897384815	3.876	35.6	16.1	2.68	4.22	0.0	0.00	88.7	6.0	2.2	6.3	0.000	0.3259270996	0.7638113819	1.079	0.011
20170806	0.9908801892	1.810	2.8	13.7	4.61	6.21	0.0	0.00	86.2	0.7	0.0	8.1	0.000	0.000	0.9908801892	0.981	0.010
20170807	0.9869789135	1.045	4.1	15.1	3.92	5.39	0.0	0.00	85.4	1.0	0.0	8.1	0.000	0.000	0.9869789135	0.978	0.009
20170808	0.9157255540	0.939	1.5	15.0	4.63	6.51	0.0	0.00	81.9	0.3	0.0	7.5	0.000	0.000	0.915725554	0.907	0.008
20170809	0.8441477395	0.635	1.3	16.1	4.39	6.43	0.0	0.00	78.6	0.3	0.0	6.9	0.000	0.000	0.8441477395	0.836	0.008
20170810	0.7619581860	0.474	0.5	18.1	2.67	4.09	0.0	0.00	76.3	0.1	0.0	6.2	0.000	0.000	0.761958186	0.755	0.007
20170811	0.6844447652	0.411	0.3	18.9	3.34	5.28	0.0	0.00	73.2	0.0	0.0	5.6	0.000	0.000	0.6844447652	0.678	0.006
20170812	0.8735616736	0.846	13.7	18.5	2.14	3.28	0.0	0.00	82.3	2.4	0.0	7.2	0.000	0.000	0.8735616736	0.867	0.007
20170813	0.8711331944	0.794	4.1	16.4	2.32	3.34	0.0	0.00	83.3	0.9	0.0	7.1	0.000	0.000	0.8711331944	0.865	0.006
20170814	0.7875868899	0.488	0.5	16.7	3.03	4.38	0.0	0.00	80.6	0.1	0.0	6.5	0.000	0.000	0.7875868899	0.782	0.006
20170815	1.2147377032	1.252	19.1	17.7	3.25	4.47	0.0	0.00	92.0	4.5	0.8	8.9	0.000	0.125930151	1.0888075522	1.208	0.007
20170816	1.0901436539	1.054	1.0	13.4	3.11	4.06	0.0	0.00	89.6	0.3	0.0	8.9	0.000	0.000	1.0901436539	1.084	0.006
20170817	0.9716106600	0.559	0.0	14.0	2.77	3.74	0.0	0.00	86.8	0.0	0.0	8.0	0.000	0.000	0.97161066	0.966	0.005
20170818	1.3008194216	1.676	14.7	15.0	1.88	2.46	0.0	0.00	95.7	3.9	0.3	10.3	0.000	0.0479972865	1.2528221352	1.295	0.006
20170819	1.1931815569	1.056	1.3	18.5	4.31	5.41	0.0	0.00	92.3	0.4	0.0	9.8	0.000	0.000	1.1931815569	1.188	0.005
20170820	1.0927065221	0.738	1.0	16.9	4.35	5.67	0.0	0.00	88.7	0.3	0.0	9.0	0.000	0.000	1.0927065221	1.088	0.005
20170821	0.9870728810	0.521	0.5	18.8	3.66	4.97	0.0	0.00	85.4	0.1	0.0	8.1	0.000	0.000	0.987072881	0.983	0.004
20170822	1.0427267637	0.592	6.4	20.2	3.46	4.75	0.0	0.00	86.9	1.5	0.0	8.5	0.000	0.000	1.0427267637	1.039	0.004
20170823	0.9418276231	0.589	0.5	15.4	4.02	5.58	0.0	0.00	83.2	0.1	0.0	7.7	0.000	0.000	0.9418276231	0.938	0.004
20170824	0.8394212590	0.389	0.0	13.8	3.41	4.95	0.0	0.00	79.8	0.0	0.0	6.9	0.000	0.000	0.839421259	0.836	0.003
20170825	0.7481496962	0.340	0.0	12.4	2.61	3.94	0.0	0.00	77.2	0.0	0.0	6.1	0.000	0.000	0.7481496962	0.745	0.003
20170826	0.6668022305	0.309	0.0	12.4	2.71	4.24	0.0	0.00	74.5	0.0	0.0	5.5	0.000	0.000	0.6668022305	0.664	0.003
20170827	0.5942997998	0.263	0.0	13.2	3.14	5.09	0.0	0.00	71.4	0.0	0.0	4.9	0.000	0.000	0.5942997998	0.592	0.002
20170828	0.5296806697	0.216	0.0	13.8	3.20	5.42	0.0	0.00	68.2	0.0	0.0	4.3	0.000	0.000	0.5296806697	0.528	0.002
20170829	0.4720876769	0.198	0.0	13.0	2.29	4.06	0.0	0.00	65.9	0.0	0.0	3.9	0.000	0.000	0.4720876769	0.470	0.002
20170830	0.4207568587	0.178	0.0	13.9	2.62	4.80	0.0	0.00	63.2	0.0	0.0	3.4	0.000	0.000	0.4207568587	0.419	0.002
20170831	0.3750073192	0.172	0.0	11.5	1.71	3.27	0.0	0.00	61.5	0.0	0.0	3.1	0.000	0.000	0.3750073192	0.374	0.002
20170901	0.3342321973	0.174	0.0	7.7	2.99	5.87	0.0	0.00	58.5	0.0	0.0	2.7	0.000	0.000	0.3342321973	0.333	0.001
20170902	0.2978906171	0.145	0.0	10.0	2.72	5.60	0.0	0.00	55.8	0.0	0.0	2.4	0.000	0.000	0.2978906171	0.297	0.001
20170903	0.7412192377	1.340	32.0	10.2	1.69	2.92	0.0	0.00	81.9	4.2	0.6	5.3	0.000	0.0888625303	0.6523567074	0.739	0.002
20170904	0.7297671261	1.861	3.8	14.7	3.37	4.88	0.0	0.00	81.6	0.8	0.0	6.0	0.000	0.000	0.7297671261	0.728	0.002
20170905	1.0277788862	2.189	15.0	14.6	2.24	3.10	0.0	0.00	90.8	3.5	0.0	8.4	0.000	0.000	1.0277788862	1.026	0.002
20170906	1.0809822504	1.723	5.6	12.8	1.74	2.26	0.0	0.00	93.2	1.5	0.0	8.9	0.000	0.000	1.0809822504	1.079	0.002
20170907	1.1727948209	1.505	6.6	12.7	2.74	3.47	0.0	0.00	95.1	1.9	0.0	9.6	0.000	0.000	1.1727948209	1.171	0.002
20170908	1.0769057553	1.122	1.0	11.4	2.39	3.03	0.0	0.00	93.4	0.3	0.0	8.8	0.000	0.000	1.0769057553	1.075	0.002
20170909	1.0053988681	0.983	1.5	11.4	3.56	4.57	0.0	0.00	91.0	0.4	0.0	8.2	0.000	0.000	1.0053988681	1.004	0.002
20170910	0.9328417107	0.746	1.3	11.8	2.70	3.57	0.0	0.00	89.2	0.3	0.0	7.6	0.000	0.000	0.9328417107	0.931	0.001
20170911	0.8394387265	0.548	0.3	14.0	3.10	4.19	0.0	0.00	86.3	0.1	0.0	6.9	0.000	0.000	0.8394387265	0.838	0.001
20170912	0.7555333078	0.440	0.3	14.8	3.39	4.74	0.0	0.00	83.2	0.1	0.0	6.2	0.000	0.000	0.7555333078	0.754	0.001
20170913	0.6733830108	0.368	0.0	16.3	3.18	4.62	0.0	0.00	80.0	0.0	0.0	5.5	0.000	0.000	0.6733830108	0.672	0.001
20170914	0.6001650417	0.350	0.0	16.5	1.88	2.84	0.0	0.00	78.1	0.0	0.0	4.9	0.000	0.000	0.6001650417	0.599	0.001
20170915	0.5349081749	0.308	0.0	19.5	2.53	3.90	0.0	0.00	75.6	0.0	0.0	4.4	0.000	0.000	0.5349081749	0.534	0.001
20170916	0.4767467874	0.275	0.0	19.2	2.61	4.17	0.0	0.00	73.0	0.0	0.0	3.9	0.000	0.000	0.4767467874	0.476	0.001
20170917	0.4249093769	0.257	0.0	18.3	2.45	4.05	0.0	0.00	70.5	0.0	0.0	3.5	0.000	0.000	0.4249093769	0.424	0.001
20170918	0.3787083277	0.236	0.0	19.6	1.46	2.50	0.0	0.00	69.1	0.0	0.0	3.1	0.000	0.000	0.3787083277	0.378	0.001
20170919	0.3375307895	0.217	0.0	18.2	0.94	1.65	0.0	0.00	68.1	0.0	0.0	2.8	0.000	0.000	0.3375307895	0.337	0.001
20170920	0.3008305483	0.201	0.0	18.3	2.30	4.07	0.0	0.00	65.8	0.0	0.0	2.5	0.000	0.000	0.3008305483	0.300	0.000
20170921	0.2717484731	0.166	0.3	17.6	2.71	4.97	0.0	0.00	63.4	0.0	0.0	2.2	0.000	0.000	0.2717484731	0.271	0.000
20170922	0.2422008442	0.131	0.0	16.6	2.17	4.13	0.0	0.00	61.2	0.0	0.0	2.0	0.000	0.000	0.2422008442	0.242	0.000
20170923	0.2158659744	0.125	0.0	17.7	1.83	3.62	0.0	0.00	59.4	0.0	0.0	1.8	0.000	0.000	0.2158659744	0.216	0.000
20170924	0.1923945355	0.118	0.0	21.6	2.02	4.12	0.0	0.00	57.4	0.0	0.0	1.6	0.000	0.000	0.1923945355	0.192	0.000
20170925	0.1714751821	0.119	0.0	22.5	2.17	4.57	0.0	0.00	55.2	0.0	0.0	1.4	0.000	0.000	0.1714751821	0.171	0.000
20170926	0.1528304222	0.147	0.0	22.2	1.79	3.92	0.0	0.00	53.4	0.0	0.0	1.3	0.000	0.000	0.1528304222	0.153	0.000
20170927	0.1505280002	0.121	2.0	22.1	1.71	3.79	0.0	0.00	53.6	0.1	0.0	1.2	0.000	0.000	0.1505280002	0.150	0.000
20170928	0.1449004409	0.141	1.5	13.0	2.00	4.44	0.0	0.00	53.0	0.1	0.0	1.2	0.000	0.000	0.1449004409	0.145	0.000
20170929	0.1291451934	0.133	0.0	8.1	1.85	4.22	0.0	0.00	51.1	0.0	0.0	1.1	0.000	0.000	0.1291451934	0.129	0.000
20170930	0.1169749686	0.147	0.3	6.8	0.78	1.84	0.0	0.00	50.6	0.0	0.0	1.0	0.000	0.000	0.1169749686	0.117	0.000
